10 1 0.0667003 0.0170993 46.982 0.555608
1 1 0.12461 0.00579323 50.8292 1.10479
0.1 1 0.826086 7.42657e-06 62.1087 9.42444
0.01 1 1 1.15147e-29 58.6836 12.2572
10 0.5 0.120282 0.0049093 51.1878 0.651751
1 0.5 0.209835 0.00162371 52.9226 1.20557
0.1 0.5 0.953684 1.42414e-06 65.0216 9.42144
0.01 0.5 1 1.15147e-29 56.6262 12.0932
10 0.1 0.17967 0.00324998 51.7517 0.824169
1 0.1 0.286271 0.00110296 58.6572 1.39258
0.1 0.1 1.00678 6.77138e-07 67.6434 10.1634
0.01 0.1 1 1.15147e-29 57.3936 12.3885
10 0.01 0.263245 0.00259925 56.884 0.910297
1 0.01 0.381056 0.00089237 60.5201 1.60036
0.1 0.01 1.05422 3.9495e-07 71.0434 10.0315
0.01 0.01 1 1.15147e-29 59.7049 12.1733
