10 1 0.564444 6.03595e-05 0.539187 0.000229
1 1 0.65037 6.97631e-06 0.531898 0.00023
0.1 1 1 4.04886e-32 0.498961 0.000423
0.01 1 1 4.04886e-32 0.499322 0.000355
10 0.5 0.777778 2.51799e-05 0.503706 0.000202
1 0.5 0.826667 1.6347e-06 0.496231 0.00024
0.1 0.5 1 4.04886e-32 0.512401 0.000368
0.01 0.5 1 4.04886e-32 0.500891 0.000353
10 0.1 0.86963 1.73884e-05 0.501752 0.000214
1 0.1 0.92 5.12393e-07 0.505878 0.000238
0.1 0.1 1 4.04886e-32 0.498069 0.000413
0.01 0.1 1 4.04886e-32 0.500854 0.000346
10 0.01 1.0237 7.8958e-07 0.495505 0.000272
1 0.01 1 5.12354e-07 0.500107 0.000233
0.1 0.01 1 4.04886e-32 0.495911 0.000376
0.01 0.01 1 4.04886e-32 0.499824 0.000355
