10 1 0.0667003 0.0170993 91.8821 0.538546
1 1 0.12461 0.00579323 91.9925 1.05443
0.1 1 0.826086 7.42657e-06 103.606 9.18859
0.01 1 1 1.15147e-29 100.681 11.8077
10 0.5 0.120282 0.0049093 92.8766 0.641074
1 0.5 0.209835 0.00162371 95.6597 1.26016
0.1 0.5 0.953684 1.42414e-06 111.96 9.46777
0.01 0.5 1 1.15147e-29 101.975 11.812
10 0.1 0.17967 0.00324998 95.6387 0.768461
1 0.1 0.286271 0.00110296 98.3791 1.36096
0.1 0.1 1.00678 6.77138e-07 113.526 9.5241
0.01 0.1 1 1.15147e-29 103.714 12.0066
10 0.01 0.263245 0.00259925 104.95 0.939345
1 0.01 0.381056 0.00089237 104.771 1.55258
0.1 0.01 1.05422 3.9495e-07 115.091 9.64638
0.01 0.01 1 1.15147e-29 100.598 11.8799
