10 10 0.0292509 0.00644639 145.651 0.507457
1 10 0.0581766 0.00194113 154.794 1.13488
0.1 10 0.492161 1.45326e-05 224.531 20.6662
0.01 10 0.99967 2.49535e-13 191.584 55.9946
10 1 0.0292509 0.00644639 147.03 0.506533
1 1 0.0581766 0.00194113 151.191 1.09863
0.1 1 0.492161 1.45326e-05 234.699 22.2679
0.01 1 0.99967 2.49535e-13 194.004 52.7596
10 0.1 0.0953045 0.000424096 156.134 1.03148
1 0.1 0.17473 8.9445e-05 171.562 2.14662
0.1 0.1 0.919274 2.03351e-07 333.2 32.652
0.01 0.1 1.00055 1.24144e-15 188.712 55.1358
10 0.01 0.141383 7.55128e-05 164.528 1.54081
1 0.01 0.236188 1.04175e-05 187.42 2.75811
0.1 0.01 1.02197 6.49609e-09 364.774 35.9548
0.01 0.01 1.0006 9.26312e-17 189.1 53.3491
