10 1 0.0655678 0.013367 121.464 1.04919
1 1 0.123958 0.00438225 126.802 1.98166
0.1 1 0.840888 4.3754e-06 146.278 16.8632
0.01 1 1 1.58181e-29 141.672 21.439
10 0.5 0.111976 0.00381046 124.999 1.18672
1 0.5 0.199386 0.00119191 129.406 2.33301
0.1 0.5 0.956391 7.63545e-07 158.913 17.4513
0.01 0.5 1 1.58181e-29 146.42 21.268
10 0.1 0.162088 0.00265422 128.555 1.35576
1 0.1 0.266836 0.000860222 134.419 2.46073
0.1 0.1 1.00758 3.54328e-07 166.009 18.3439
0.01 0.1 1 1.58181e-29 145.8 21.2218
10 0.01 0.23528 0.00215224 140.89 1.57147
1 0.01 0.350308 0.000701462 146.687 2.74447
0.1 0.01 1.05052 1.77596e-07 167.834 18.3169
0.01 0.01 1 1.58181e-29 143.772 21.9561
