10 1 0.0301859 0.00416678 143.235 0.614412
1 1 0.0603371 0.00126419 152.143 1.42024
0.1 1 0.516833 7.90428e-06 202.859 19.8161
0.01 1 0.999825 3.39584e-14 194.46 52.2808
10 0.5 0.073638 0.000971819 152.709 0.938761
1 0.5 0.136907 0.000266646 159.451 2.14371
0.1 0.5 0.770191 1.05184e-06 253.636 28.5824
0.01 0.5 1.00007 2.2416e-15 190.413 49.7651
10 0.1 0.138593 7.5424e-05 160.886 1.44281
1 0.1 0.229731 1.03708e-05 173.159 2.68842
0.1 0.1 0.948118 6.40652e-09 293.384 31.8762
0.01 0.1 1.00014 4.57817e-17 190.745 50.068
10 0.01 0.270233 1.40537e-06 206.467 2.51612
1 0.01 0.393189 2.52648e-07 222.156 4.67688
0.1 0.01 1.0764 4.70129e-11 322.865 34.5884
0.01 0.01 1.00016 1.9021e-17 185.481 50.1862
