10 10 0.0648049 0.0178394 91.8158 0.471678
1 10 0.120781 0.00627347 93.1823 0.942738
0.1 10 0.801961 1.29324e-05 107.822 8.36671
0.01 10 1 1.15147e-29 100.811 11.6918
10 1 0.0648049 0.0178394 91.1482 0.470346
1 1 0.120781 0.00627347 93.1206 0.995039
0.1 1 0.801961 1.29324e-05 112.74 8.2833
0.01 1 1 1.15147e-29 105.386 12.7148
10 0.1 0.140254 0.00396423 98.5047 0.64811
1 0.1 0.238769 819.39 100.028 1.32083
0.1 0.1 1.04196 1.53026 126.421 8.92255
0.01 0.1 1 1.15147e-29 103.539 11.8809
10 0.01 0.184758 0.00325801 99.6856 0.71819
1 0.01 0.296634 819.386 109.884 1.62122
0.1 0.01 1.07535 1.53031 131.551 9.66381
0.01 0.01 1 1.15147e-29 107.78 12.3618


1 0.1 0.228897 0.00134067 96.6531 1.32294
0.1 0.1 0.976018 9.69928e-07 112.06 9.43557
