10 10 0.14911 0.00228422 46.7589 0.193467
1 10 0.274287 0.0011203 48.9338 0.427522
0.1 10 0.901526 3.75395e-06 52.3025 2.05407
0.01 10 1 4.63342e-30 48.7762 2.54013
10 1 0.14911 0.00228422 47.0677 0.191011
1 1 0.274287 0.0011203 47.8711 0.418219
0.1 1 0.901526 3.75395e-06 50.1691 2.04959
0.01 1 1 4.63342e-30 49.6051 2.62282
10 0.1 0.401135 0.000271817 49.983 0.350395
1 0.1 0.595361 8.2253e-05 55.6135 0.734052
0.1 0.1 1.09278 1.45549e-08 57.3924 2.27441
0.01 0.1 1 4.63342e-30 48.7464 2.66041
10 0.01 0.543873 2.30802e-05 54.0274 0.409537
1 0.01 0.747247 8.22275e-06 55.9202 0.691423
0.1 0.01 1.13185 4.14614e-09 53.8061 2.20431
0.01 0.01 1 4.63342e-30 49.2588 2.70691
