10 10 0.543704 0.000125069 0.57039 0.0002
1 10 0.626667 2.09312e-05 0.555359 0.000233
0.1 10 1 4.04886e-32 0.598591 0.000334
0.01 10 1 4.04886e-32 0.594141 0.000341
10 1 0.543704 0.000125069 0.588378 0.000171
1 1 0.626667 2.09312e-05 0.521301 0.000246
0.1 1 1 4.04886e-32 0.50831 0.000335
0.01 1 1 4.04886e-32 0.506651 0.000322
10 0.1 0.908148 2.18686e-05 0.50213 0.000179
1 0.1 0.958519 1.32236e-06 0.507692 0.000208
0.1 0.1 1 4.04886e-32 0.509791 0.000324
0.01 0.1 1 4.04886e-32 0.499105 0.000323
10 0.01 0.931852 1.73884e-05 0.508664 0.000193
1 0.01 0.991111 5.12393e-07 0.512559 0.00021
0.1 0.01 1 4.04886e-32 0.507402 0.000343
0.01 0.01 1 4.04886e-32 0.505664 0.000341
