10 10 0.0339712 0.011093 93.1066 0.194277
1 10 0.0620353 0.00474027 94.364 0.394299
0.1 10 0.443028 6.37149e-05 105.332 3.76547
0.01 10 1 1.42151e-29 105.384 12.0568
10 1 0.0339712 0.011093 94.2755 0.195692
1 1 0.0620353 0.00474027 94.1349 0.385196
0.1 1 0.443028 6.37149e-05 108.923 3.8447
0.01 1 1 1.42151e-29 105.075 12.5063
10 0.1 0.0911369 0.00234825 93.4875 0.309197
1 0.1 0.151798 35.7598 94.6107 0.552233
0.1 0.1 0.764476 0.928657 119.339 4.39277
0.01 0.1 1 1.42151e-29 103.334 12.4317
10 0.01 0.128425 0.0017948 97.4214 0.382414
1 0.01 0.199708 35.7597 102.026 0.67177
0.1 0.01 0.840175 0.937747 125.881 4.98834
0.01 0.01 1 1.42151e-29 104.151 11.6752
