10 10 0.303756 0.00240994 15.2053 0.048804
1 10 0.498104 0.000657443 15.3634 0.100939
0.1 10 0.998176 2.20209e-10 15.1923 0.266198
0.01 10 1 1.99631e-30 15.1217 0.26472
10 1 0.303756 0.00240994 15.1339 0.04868
1 1 0.498104 0.000657443 15.3017 0.096499
0.1 1 0.998176 2.20209e-10 15.1456 0.265254
0.01 1 1 1.99631e-30 15.144 0.269333
10 0.1 0.670392 0.000179792 15.6505 0.076027
1 0.1 0.892545 3.06731e-05 15.9571 0.122573
0.1 0.1 1.00483 1.1424e-11 15.1867 0.264873
0.01 0.1 1 1.99631e-30 15.1391 0.265631
10 0.01 0.85558 1.51479e-05 16.1507 0.115044
1 0.01 1.05977 3.79799e-06 16.3528 0.131431
0.1 0.01 1.00509 2.0729e-13 15.1936 0.264709
0.01 0.01 1 1.99631e-30 15.463 0.261381
