10 10 0.0433592 0.0130878 93.9902 0.271965
1 10 0.0795945 0.00522153 96.0345 0.585534
0.1 10 0.562597 4.08419e-05 116.046 5.2241
0.01 10 1 1.35932e-29 106.585 12.0047
10 1 0.0433592 0.0130878 92.7904 0.308496
1 1 0.0795945 0.00522153 95.3827 0.513488
0.1 1 0.562597 4.08419e-05 112.408 5.5163
0.01 1 1 1.35932e-29 103.51 12.6529
10 0.1 0.109121 0.00282142 96.2632 0.403921
1 0.1 0.181707 2067.12 97.5363 0.727692
0.1 0.1 0.885158 0.0505173 129.685 6.01042
0.01 0.1 1 1.35932e-29 103.738 12.2633
10 0.01 0.149622 0.00220381 97.1661 0.541513
1 0.01 0.234598 2067.12 106.859 0.915169
0.1 0.01 0.95325 0.0505214 137.764 6.08248
0.01 0.01 1 1.35932e-29 104.878 11.9429

1 0.1 0.174061 0.0010475 95.5472 0.815165
0.1 0.1 0.816468 3.74479e-06 111.029 6.46943
