0.5 1 0.0270215 0.00634774
0.5 2 0.0184002 0.00325848
0.5 3 0.00676759 0.0014026
0.5 4 0.00474611 9.54651e-05
0.5 5 0.00205889 6.12659e-05
0.5 6 0.000981413 3.66064e-05
0.5 7 0.000415222 2.17551e-05
0.5 8 0.000113896 7.96701e-06
0.5 9 6.56388e-05 1.52559e-06
0.5 10 3.81864e-05 8.90998e-07
0.5 11 1.16506e-05 5.14429e-07
0.5 12 5.33087e-06 3.11901e-07
0.5 13 4.19646e-06 2.0326e-07
0.5 14 3.47918e-06 1.19087e-07
0.5 15 1.13373e-06 5.14031e-08
0.5 16 1.6551e-06 1.95321e-08
0.5 17 8.23374e-07 1.25503e-08
0.5 18 3.35346e-07 7.99918e-09
0.5 19 1.28319e-07 5.59247e-09
0.5 20 1.13145e-07 3.77658e-09
0.5 21 9.83231e-08 2.31354e-09
0.5 22 8.64624e-08 1.4955e-09
0.5 23 6.16845e-08 8.57e-10
0.5 24 1.26995e-08 3.09088e-10
0.5 25 1.21815e-08 1.54201e-10
0.5 26 1.12277e-08 1.01391e-10
0.5 27 1.15705e-08 6.43361e-11
0.5 28 1.20899e-08 3.75322e-11
0.5 29 2.0742e-09 2.38485e-11
0.5 30 1.42594e-09 1.4991e-11
0.5 31 3.80206e-10 9.07437e-12
0.5 32 4.41535e-10 5.45246e-12
0.5 33 1.68093e-10 3.44439e-12
0.5 34 1.83859e-10 1.73317e-12
0.5 35 7.30087e-11 9.38672e-13
0.5 36 1.53839e-10 5.05587e-13
0.5 37 1.01344e-11 3.16985e-13
0.5 38 1.67529e-11 1.93029e-13
0.5 39 6.4664e-12 1.28065e-13
0.5 40 3.63867e-12 8.57508e-14
0.5 41 1.693e-12 6.10102e-14
0.5 42 1.51517e-12 3.95548e-14
0.5 43 8.6003e-13 2.59605e-14
0.5 44 3.37292e-13 1.59828e-14
0.5 45 4.33471e-13 8.40448e-15
0.5 46 1.70842e-13 5.39598e-15
0.5 47 8.93226e-14 3.05402e-15
0.5 48 3.6529e-14 1.1976e-15
0.5 49 2.8732e-14 6.40319e-16
1 1 0.00992903 0.00239206
1 2 0.00300859 0.00116188
1 3 0.00125924 0.000472624
1 4 0.00127486 1.30978e-05
1 5 0.000219808 8.76752e-06
1 6 9.39147e-05 5.25913e-06
1 7 0.000164205 2.89933e-06
1 8 2.35189e-05 1.15394e-06
1 9 3.50871e-06 8.35332e-08
1 10 1.54838e-06 4.95751e-08
1 11 6.06806e-07 3.0479e-08
1 12 4.54066e-07 2.05455e-08
1 13 2.89745e-07 1.26887e-08
1 14 2.04062e-07 6.94281e-09
1 15 5.59049e-08 2.65782e-09
1 16 5.57615e-08 4.49663e-10
1 17 3.57405e-08 3.13277e-10
1 18 2.41899e-08 2.06217e-10
1 19 4.29087e-08 1.48759e-10
1 20 3.97242e-09 1.047e-10
1 21 3.20013e-09 6.35285e-11
1 22 1.82067e-09 3.46315e-11
1 23 5.0958e-10 2.12568e-11
1 24 4.69679e-10 1.02686e-11
1 25 2.73117e-10 2.12433e-12
1 26 2.03197e-10 1.38834e-12
1 27 2.09957e-10 8.97448e-13
1 28 8.76973e-11 5.7545e-13
1 29 2.6311e-11 3.88986e-13
1 30 7.74367e-12 2.65604e-13
1 31 6.8133e-12 1.56382e-13
1 32 1.92616e-12 8.87497e-14
1 33 1.32962e-12 5.33103e-14
1 34 9.05437e-13 3.14993e-14
1 35 5.73915e-13 1.36782e-14
1 36 3.79641e-13 3.6418e-15
1 37 1.12067e-13 2.59112e-15
1 38 7.2276e-14 1.74201e-15
1 39 9.89543e-14 1.19109e-15
1 40 3.61379e-14 6.88396e-16
1 41 2.94311e-14 4.65441e-16
1 42 3.74328e-15 3.19769e-16
1 43 3.85602e-15 1.97086e-16
1 44 1.87826e-15 1.16354e-16
1 45 1.53576e-15 6.88717e-17
1 46 1.35446e-15 3.53902e-17
1 47 8.983e-16 2.039e-17
1 48 7.07451e-16 7.6103e-18
1 49 2.44058e-16 3.35761e-18
1.5 1 0.00454238 0.00113293
1.5 2 0.00114165 0.000531877
1.5 3 0.000359243 0.000213118
1.5 4 0.00032625 2.87419e-06
1.5 5 2.14564e-05 1.92957e-06
1.5 6 1.856e-05 1.17578e-06
1.5 7 2.03503e-05 6.31513e-07
1.5 8 6.8871e-06 2.49053e-07
1.5 9 3.376e-07 8.62833e-09
1.5 10 4.88251e-07 5.31547e-09
1.5 11 4.61199e-08 3.50316e-09
1.5 12 3.14502e-08 2.39478e-09
1.5 13 2.86785e-08 1.44897e-09
1.5 14 2.09891e-08 7.82721e-10
1.5 15 2.57925e-09 3.06664e-10
1.5 16 2.06602e-09 2.4605e-11
1.5 17 8.71561e-10 1.67014e-11
1.5 18 3.47007e-10 1.03035e-11
1.5 19 2.01561e-10 7.68377e-12
1.5 20 1.08093e-10 5.47482e-12
1.5 21 7.16227e-11 3.59079e-12
1.5 22 5.95197e-11 1.99165e-12
1.5 23 4.76446e-11 1.16203e-12
1.5 24 1.80921e-11 5.70104e-13
1.5 25 8.43916e-12 6.16163e-14
1.5 26 3.77948e-12 3.89767e-14
1.5 27 2.97042e-12 2.5533e-14
1.5 28 1.35255e-12 1.84892e-14
1.5 29 3.57299e-13 1.17669e-14
1.5 30 1.91261e-13 8.21517e-15
1.5 31 2.9212e-13 4.86726e-15
1.5 32 1.76994e-13 2.95232e-15
1.5 33 6.03731e-14 1.94088e-15
1.5 34 3.33853e-14 1.10358e-15
1.5 35 2.68162e-14 4.67566e-16
1.5 36 1.16065e-14 6.68454e-17
1.5 37 4.78728e-15 4.6491e-17
1.5 38 2.44227e-15 3.31865e-17
1.5 39 1.12674e-15 2.17584e-17
1.5 40 8.23609e-16 1.23613e-17
1.5 41 5.36957e-16 8.25641e-18
1.5 42 1.34584e-16 5.59039e-18
1.5 43 9.6281e-17 3.22107e-18
1.5 44 5.24894e-17 2.1533e-18
1.5 45 2.95983e-17 1.28027e-18
1.5 46 1.72766e-17 7.35552e-19
1.5 47 1.42462e-17 3.83669e-19
1.5 48 1.0107e-17 1.32309e-19
1.5 49 6.697e-18 3.35861e-20
2 1 0.0023845 0.000613331
2 2 0.000370913 0.000281638
2 3 0.000173554 0.000112531
2 4 0.000165204 8.2922e-07
2 5 1.50232e-05 5.51249e-07
2 6 4.30294e-06 3.3811e-07
2 7 1.95775e-06 1.82024e-07
2 8 9.21792e-07 6.98552e-08
2 9 7.58038e-07 1.3394e-09
2 10 1.95093e-08 8.60441e-10
2 11 2.26258e-08 5.81258e-10
2 12 1.10876e-08 3.85815e-10
2 13 3.20551e-09 2.35287e-10
2 14 2.28994e-09 1.29239e-10
2 15 2.42023e-09 5.22226e-11
2 16 3.03391e-10 2.14422e-12
2 17 7.9316e-11 1.49531e-12
2 18 3.66108e-11 9.24489e-13
2 19 1.53957e-11 6.86722e-13
2 20 1.77649e-11 4.87781e-13
2 21 5.54908e-12 3.14351e-13
2 22 4.37365e-12 1.83757e-13
2 23 2.93633e-12 1.09475e-13
2 24 1.84445e-12 4.98294e-14
2 25 1.32087e-13 2.96712e-15
2 26 1.6557e-13 1.82737e-15
2 27 1.01174e-13 1.28438e-15
2 28 3.6436e-14 8.69925e-16
2 29 3.38996e-14 6.13899e-16
2 30 3.00399e-14 4.43041e-16
2 31 3.2413e-14 2.83254e-16
2 32 5.14306e-15 1.71735e-16
2 33 5.12778e-15 1.12174e-16
2 34 3.66359e-15 6.30275e-17
2 35 2.52332e-15 2.9064e-17
2 36 2.34587e-15 2.04542e-18
2 37 1.02873e-16 1.40549e-18
2 38 3.50449e-17 1.01494e-18
2 39 1.83321e-17 6.74583e-19
2 40 1.46673e-17 4.25043e-19
2 41 1.27339e-17 2.91201e-19
2 42 4.44394e-18 1.94706e-19
2 43 3.98414e-18 1.17788e-19
2 44 1.91009e-18 7.85963e-20
2 45 1.66285e-18 4.58209e-20
2 46 7.98268e-19 2.38611e-20
2 47 3.40896e-19 1.18614e-20
2 48 2.73767e-19 3.61444e-21
2 49 8.85562e-20 7.05158e-22
2.5 1 0.00137709 0.000363257
2.5 2 0.000215883 0.000164253
2.5 3 9.86645e-05 6.57097e-05
2.5 4 9.58186e-05 2.87509e-07
2.5 5 3.40843e-06 1.88957e-07
2.5 6 1.11543e-06 1.15812e-07
2.5 7 4.43121e-07 6.29037e-08
2.5 8 2.42881e-07 2.37205e-08
2.5 9 1.12608e-08 2.74524e-10
2.5 10 1.22902e-08 1.82693e-10
2.5 11 7.94847e-09 1.23101e-10
2.5 12 2.23875e-09 8.00432e-11
2.5 13 1.10678e-09 4.91137e-11
2.5 14 5.85925e-10 2.74208e-11
2.5 15 3.52743e-10 1.13719e-11
2.5 16 4.18879e-11 2.63828e-13
2.5 17 4.00656e-11 1.87274e-13
2.5 18 7.86969e-11 1.18643e-13
2.5 19 1.50752e-12 8.63046e-14
2.5 20 1.25939e-12 6.15808e-14
2.5 21 1.07452e-12 4.02483e-14
2.5 22 7.2177e-13 2.34744e-14
2.5 23 3.41612e-13 1.44627e-14
2.5 24 2.6403e-13 6.35735e-15
2.5 25 6.79068e-15 2.13717e-16
2.5 26 5.45445e-15 1.33087e-16
2.5 27 3.86536e-15 9.60304e-17
2.5 28 3.12794e-15 6.50527e-17
2.5 29 2.1019e-15 4.83877e-17
2.5 30 9.94392e-16 3.54684e-17
2.5 31 8.70661e-16 2.37102e-17
2.5 32 8.26504e-16 1.46383e-17
2.5 33 6.22294e-16 9.2345e-18
2.5 34 4.8364e-16 5.03032e-18
2.5 35 4.055e-16 2.19819e-18
2.5 36 8.55827e-17 9.6707e-20
2.5 37 8.03016e-17 6.87366e-20
2.5 38 8.80891e-18 4.9821e-20
2.5 39 7.82187e-18 3.41889e-20
2.5 40 2.9626e-18 2.31839e-20
2.5 41 1.00765e-18 1.56538e-20
2.5 42 4.04044e-19 1.06702e-20
2.5 43 2.02058e-19 6.47477e-21
2.5 44 1.61389e-19 4.12807e-21
2.5 45 6.89477e-20 2.35409e-21
2.5 46 2.0079e-20 1.2317e-21
2.5 47 1.27673e-20 5.55342e-22
2.5 48 9.87748e-21 1.51801e-22
2.5 49 1.20505e-21 2.48917e-23
3 1 0.00085308 0.000229683
3 2 0.000135111 0.000102681
3 3 6.09491e-05 4.11843e-05
3 4 1.72806e-05 1.13926e-07
3 5 1.1377e-06 7.40989e-08
3 6 5.32483e-07 4.52429e-08
3 7 4.09801e-07 2.4804e-08
3 8 4.15922e-07 9.26606e-09
3 9 2.1068e-09 6.8852e-11
3 10 3.03084e-09 4.70062e-11
3 11 5.04223e-10 3.12908e-11
3 12 4.49387e-10 2.01053e-11
3 13 2.74859e-10 1.23845e-11
3 14 2.47601e-10 6.98996e-12
3 15 1.85303e-10 2.95553e-12
3 16 4.81634e-11 4.23773e-14
3 17 1.93951e-12 2.95301e-14
3 18 1.21411e-12 1.95249e-14
3 19 9.59198e-13 1.39444e-14
3 20 6.90484e-13 1.00426e-14
3 21 2.64049e-13 6.6431e-15
3 22 2.12801e-13 3.83217e-15
3 23 8.78449e-14 2.31344e-15
3 24 6.98048e-14 1.04935e-15
3 25 1.83944e-14 2.14149e-17
3 26 4.20598e-16 1.37798e-17
3 27 2.88583e-16 9.27918e-18
3 28 2.15978e-16 6.80135e-18
3 29 2.05593e-16 5.09291e-18
3 30 1.13407e-16 3.75749e-18
3 31 2.26785e-16 2.58554e-18
3 32 3.27658e-17 1.63264e-18
3 33 2.23462e-17 9.82149e-19
3 34 8.71121e-18 5.33809e-19
3 35 5.65553e-18 2.01421e-19
3 36 3.54285e-18 6.59019e-21
3 37 2.75638e-19 4.87124e-21
3 38 2.83121e-19 3.58775e-21
3 39 2.10597e-19 2.46813e-21
3 40 4.02586e-20 1.71574e-21
3 41 2.84172e-20 1.13262e-21
3 42 1.99658e-20 7.67266e-22
3 43 1.57055e-20 4.78185e-22
3 44 1.02176e-20 2.98003e-22
3 45 1.09443e-20 1.65829e-22
3 46 1.86463e-21 8.99691e-23
3 47 1.19819e-21 3.65293e-23
3 48 7.69507e-22 9.60764e-24
3 49 3.88794e-22 1.25889e-24
3.5 1 0.000557675 0.000152681
3.5 2 8.92589e-05 6.76622e-05
3.5 3 3.9944e-05 2.72189e-05
3.5 4 8.56808e-06 4.99931e-08
3.5 5 5.44963e-07 3.22251e-08
3.5 6 2.55866e-07 1.95867e-08
3.5 7 1.98063e-07 1.08286e-08
3.5 8 2.10474e-07 4.02567e-09
3.5 9 6.69955e-10 2.01351e-11
3.5 10 4.54371e-10 1.39673e-11
3.5 11 3.74861e-10 9.19362e-12
3.5 12 2.48467e-10 5.86423e-12
3.5 13 3.69223e-10 3.61921e-12
3.5 14 1.34476e-10 2.05566e-12
3.5 15 9.34712e-12 8.80569e-13
3.5 16 4.07735e-12 8.36565e-15
3.5 17 3.16104e-13 5.691e-15
3.5 18 2.93352e-13 3.88799e-15
3.5 19 5.63976e-14 2.73361e-15
3.5 20 5.09545e-14 1.9869e-15
3.5 21 3.98099e-14 1.3229e-15
3.5 22 1.22099e-14 7.55785e-16
3.5 23 4.9222e-15 4.42947e-16
3.5 24 3.59692e-15 2.08022e-16
3.5 25 5.54222e-16 2.79145e-18
3.5 26 7.21721e-17 1.86105e-18
3.5 27 4.7846e-17 1.17688e-18
3.5 28 3.48307e-17 9.09786e-19
3.5 29 2.83543e-17 6.73338e-19
3.5 30 1.87784e-17 5.01167e-19
3.5 31 1.85417e-17 3.50983e-19
3.5 32 4.52961e-18 2.24213e-19
3.5 33 4.20801e-18 1.27798e-19
3.5 34 6.35939e-18 7.05059e-20
3.5 35 9.23269e-19 2.39376e-20
3.5 36 5.36536e-20 6.02412e-22
3.5 37 1.407e-20 4.47537e-22
3.5 38 1.13481e-20 3.303e-22
3.5 39 9.76284e-21 2.31947e-22
3.5 40 6.18935e-21 1.60885e-22
3.5 41 4.06595e-21 1.04711e-22
3.5 42 3.82367e-21 7.02735e-23
3.5 43 2.54766e-21 4.54657e-23
3.5 44 1.35711e-21 2.80774e-23
3.5 45 5.37158e-22 1.53288e-23
3.5 46 3.93308e-22 8.27468e-24
3.5 47 4.48458e-22 3.25025e-24
3.5 48 7.51121e-24 8.41323e-25
3.5 49 6.45049e-24 8.51741e-26
4 1 0.000380439 0.000105609
4 2 5.17171e-05 4.64772e-05
4 3 2.51956e-05 1.87515e-05
4 4 4.46113e-07 2.37856e-08
4 5 2.56786e-07 1.52145e-08
4 6 1.16468e-07 9.2076e-09
4 7 3.17587e-08 5.12777e-09
4 8 1.64999e-08 1.9014e-09
4 9 1.23941e-08 6.64637e-12
4 10 1.44589e-10 4.6455e-12
4 11 9.99634e-11 3.03717e-12
4 12 3.67335e-11 1.92856e-12
4 13 2.19782e-11 1.19088e-12
4 14 8.93003e-12 6.78516e-13
4 15 6.49308e-12 2.93009e-13
4 16 7.71189e-13 1.94164e-15
4 17 6.88612e-14 1.29188e-15
4 18 5.50192e-14 9.02352e-16
4 19 2.03424e-14 6.257e-16
4 20 1.80465e-14 4.58263e-16
4 21 1.10154e-14 3.05555e-16
4 22 7.21105e-15 1.73323e-16
4 23 2.50216e-15 9.94325e-17
4 24 9.51789e-16 4.68073e-17
4 25 8.91543e-17 4.47736e-19
4 26 4.88839e-17 3.07165e-19
4 27 1.97851e-16 1.84657e-19
4 28 4.32199e-18 1.43598e-19
4 29 2.41691e-18 1.07421e-19
4 30 1.5115e-18 8.01855e-20
4 31 1.24668e-18 5.68363e-20
4 32 8.9081e-19 3.65886e-20
4 33 1.28825e-18 1.99008e-20
4 34 1.18813e-19 1.10845e-20
4 35 5.37592e-20 3.53485e-21
4 36 4.26667e-20 6.94668e-23
4 37 1.92312e-20 5.05126e-23
4 38 6.90295e-22 3.69017e-23
4 39 5.57819e-22 2.67864e-23
4 40 6.34447e-22 1.8459e-23
4 41 6.5926e-22 1.19772e-23
4 42 4.90773e-22 7.98583e-24
4 43 2.78874e-22 5.34813e-24
4 44 4.64382e-22 3.29598e-24
4 45 5.26435e-23 1.77126e-24
4 46 1.60255e-23 9.29991e-25
4 47 1.09534e-23 3.69606e-25
4 48 2.98482e-24 9.58947e-26
4 49 1.18644e-24 8.5055e-27
4.5 1 0.000268682 7.54574e-05
4.5 2 3.64699e-05 3.30192e-05
4.5 3 1.77684e-05 1.33585e-05
4.5 4 2.3213e-07 1.20868e-08
4.5 5 1.67171e-07 7.68038e-09
4.5 6 6.07976e-08 4.63056e-09
4.5 7 2.10102e-08 2.5952e-09
4.5 8 9.41285e-09 9.60888e-10
4.5 9 1.90203e-09 2.42029e-12
4.5 10 4.25556e-11 1.69424e-12
4.5 11 3.58395e-11 1.1049e-12
4.5 12 1.59968e-11 6.99813e-13
4.5 13 8.63036e-12 4.32e-13
4.5 14 2.37924e-12 2.46384e-13
4.5 15 1.75429e-12 1.06914e-13
4.5 16 5.21923e-14 5.13216e-16
4.5 17 7.08065e-15 3.35212e-16
4.5 18 5.91964e-15 2.37497e-16
4.5 19 4.84014e-15 1.62794e-16
4.5 20 2.75866e-15 1.19837e-16
4.5 21 2.25704e-15 7.96826e-17
4.5 22 5.46414e-16 4.50212e-17
4.5 23 3.24484e-16 2.5477e-17
4.5 24 2.91107e-16 1.16897e-17
4.5 25 1.01535e-16 8.47322e-20
4.5 26 1.26856e-17 5.85687e-20
4.5 27 1.51205e-18 3.43434e-20
4.5 28 1.06892e-18 2.62407e-20
4.5 29 5.38642e-19 1.99747e-20
4.5 30 4.21456e-19 1.48621e-20
4.5 31 3.56257e-19 1.06135e-20
4.5 32 2.2707e-19 6.89722e-21
4.5 33 1.1841e-19 3.62747e-21
4.5 34 3.68623e-20 2.02075e-21
4.5 35 2.35519e-20 6.23249e-22
4.5 36 4.41431e-22 9.65108e-24
4.5 37 3.33417e-22 6.84258e-24
4.5 38 2.10945e-22 4.93391e-24
4.5 39 2.26573e-22 3.6312e-24
4.5 40 7.0547e-23 2.52573e-24
4.5 41 6.92282e-23 1.64236e-24
4.5 42 6.20194e-23 1.09088e-24
4.5 43 3.8325e-23 7.52082e-25
4.5 44 2.10352e-23 4.64435e-25
4.5 45 1.70578e-23 2.47071e-25
4.5 46 1.29772e-23 1.2677e-25
4.5 47 5.52072e-24 5.1776e-26
4.5 48 7.81531e-25 1.41576e-26
4.5 49 5.84654e-25 1.91169e-27
5 1 0.000195289 5.53895e-05
5 2 2.64874e-05 2.41229e-05
5 3 1.29043e-05 9.78403e-06
5 4 1.33948e-07 6.4876e-09
5 5 4.7414e-08 4.09897e-09
5 6 1.97135e-08 2.46346e-09
5 7 8.96672e-09 1.38832e-09
5 8 6.74982e-09 5.13542e-10
5 9 7.00005e-11 9.56171e-13
5 10 1.86186e-11 6.68149e-13
5 11 9.37466e-12 4.35707e-13
5 12 2.79161e-12 2.75658e-13
5 13 1.91054e-12 1.70041e-13
5 14 1.99631e-12 9.69455e-14
5 15 4.8536e-13 4.2193e-14
5 16 2.06233e-14 1.50959e-16
5 17 1.56688e-14 9.7162e-17
5 18 2.92716e-15 6.94354e-17
5 19 1.0123e-15 4.71765e-17
5 20 6.904e-16 3.4817e-17
5 21 6.84973e-16 2.30117e-17
5 22 2.94796e-16 1.29955e-17
5 23 1.57009e-16 7.2933e-18
5 24 9.09029e-17 3.23833e-18
5 25 2.38256e-18 1.83489e-20
5 26 8.45129e-19 1.24357e-20
5 27 4.10314e-19 7.3416e-21
5 28 1.73967e-19 5.5209e-21
5 29 2.35383e-19 4.22165e-21
5 30 1.91978e-19 3.1233e-21
5 31 1.36982e-19 2.23416e-21
5 32 2.04706e-20 1.46873e-21
5 33 1.43598e-20 7.57055e-22
5 34 1.01054e-20 4.2038e-22
5 35 5.97839e-21 1.27227e-22
5 36 9.26702e-22 1.56334e-24
5 37 9.45913e-23 1.08483e-24
5 38 6.50503e-23 7.72073e-25
5 39 4.11369e-23 5.6601e-25
5 40 3.26117e-23 4.02434e-25
5 41 1.80273e-23 2.63033e-25
5 42 1.2162e-23 1.74665e-25
5 43 9.11634e-24 1.22785e-25
5 44 7.12499e-24 7.66917e-26
5 45 1.81415e-24 4.08576e-26
5 46 1.38281e-24 2.08745e-26
5 47 4.47581e-25 9.04181e-27
5 48 1.39153e-25 3.00691e-27
5 49 1.59263e-26 9.99937e-28
