1.5 1 0.077271 0
1.5 2 0.057065 0
1.5 3 0.0566157 0
1.5 4 0.0142426 0
1.5 5 0.00486977 0
1.5 6 0.0023371 0
1.5 7 0.00213532 0
1.5 8 0.00186322 0
1.5 9 0.000876252 0
1.5 10 0.000278403 0
1.5 11 0.000146448 0
1.5 12 5.80704e-05 0
1.5 13 3.28723e-05 0
1.5 14 1.80356e-05 0
1.5 15 1.0822e-05 0
1.5 16 1.28893e-05 0
1.5 17 1.02791e-05 0
1.5 18 5.10477e-07 0
1.5 19 8.55606e-08 0
1.5 20 5.79781e-08 0
1.5 21 8.55736e-08 0
1.5 22 3.09274e-08 0
1.5 23 1.45808e-08 0
1.5 24 1.52976e-08 0
1.5 25 1.04396e-08 0
1.5 26 7.37925e-09 0
1.5 27 6.14648e-09 0
1.5 28 4.33665e-09 0
1.5 29 2.53977e-09 0
1.5 30 1.92482e-09 0
1.5 31 2.10915e-09 0
1.5 32 1.27326e-09 0
1.5 33 3.16274e-10 0
1.5 34 8.7382e-11 0
1.5 35 6.91794e-11 0
1.5 36 3.12873e-11 0
1.5 37 1.19959e-11 0
1.5 38 1.08569e-11 0
1.5 39 3.74993e-12 0
1.5 40 3.57394e-12 0
1.5 41 1.20356e-12 0
1.5 42 8.37451e-13 0
1.5 43 7.44587e-13 0
1.5 44 5.96977e-13 0
1.5 45 3.36873e-13 0
1.5 46 1.51594e-13 0
1.5 47 1.5903e-13 0
1.5 48 7.42096e-14 0
1.5 49 1.92915e-14 0
2 1 0.0354266 0
2 2 0.0236403 0
2 3 0.0105517 0
2 4 0.0107234 0
2 5 0.00533945 0
2 6 0.000205992 0
2 7 0.00020616 0
2 8 7.91639e-05 0
2 9 1.13102e-05 0
2 10 4.30728e-06 0
2 11 7.87534e-07 0
2 12 6.17093e-07 0
2 13 6.77215e-07 0
2 14 5.18515e-07 0
2 15 5.57844e-08 0
2 16 3.41701e-08 0
2 17 1.82686e-08 0
2 18 1.07718e-08 0
2 19 1.24084e-08 0
2 20 1.49093e-08 0
2 21 2.28581e-09 0
2 22 7.81676e-10 0
2 23 4.62897e-10 0
2 24 4.16628e-10 0
2 25 2.10173e-10 0
2 26 7.12756e-11 0
2 27 4.90596e-11 0
2 28 1.07657e-11 0
2 29 9.51278e-12 0
2 30 8.08792e-12 0
2 31 3.13787e-12 0
2 32 2.10805e-12 0
2 33 1.599e-12 0
2 34 9.05414e-13 0
2 35 4.44406e-13 0
2 36 1.40095e-13 0
2 37 4.9085e-14 0
2 38 3.32096e-14 0
2 39 4.96797e-14 0
2 40 2.46539e-14 0
2 41 1.97734e-14 0
2 42 1.40351e-14 0
2 43 3.49223e-15 0
2 44 2.77852e-15 0
2 45 2.33483e-15 0
2 46 1.68602e-15 0
2 47 5.5808e-16 0
2 48 2.70329e-16 0
2 49 1.65494e-16 0
2.5 1 0.0162508 0
2.5 2 0.00789292 0
2.5 3 0.00578758 0
2.5 4 0.000792275 0
2.5 5 3.01103e-05 0
2.5 6 1.76399e-05 0
2.5 7 6.60222e-06 0
2.5 8 3.10006e-06 0
2.5 9 2.23078e-06 0
2.5 10 5.13907e-07 0
2.5 11 1.54315e-07 0
2.5 12 1.0446e-07 0
2.5 13 3.47466e-08 0
2.5 14 9.38339e-09 0
2.5 15 5.22315e-09 0
2.5 16 3.41567e-09 0
2.5 17 2.69335e-09 0
2.5 18 5.92153e-10 0
2.5 19 3.29897e-10 0
2.5 20 3.45411e-10 0
2.5 21 1.75816e-10 0
2.5 22 6.52623e-11 0
2.5 23 4.46049e-11 0
2.5 24 2.72565e-11 0
2.5 25 2.20384e-11 0
2.5 26 1.62702e-12 0
2.5 27 1.67855e-12 0
2.5 28 8.31251e-13 0
2.5 29 9.80934e-13 0
2.5 30 6.34143e-13 0
2.5 31 1.74661e-13 0
2.5 32 1.30877e-13 0
2.5 33 4.04265e-14 0
2.5 34 2.77141e-14 0
2.5 35 1.50672e-14 0
2.5 36 1.90486e-14 0
2.5 37 2.43192e-15 0
2.5 38 2.18932e-15 0
2.5 39 1.33083e-15 0
2.5 40 1.00928e-15 0
2.5 41 7.20722e-16 0
2.5 42 2.80299e-16 0
2.5 43 1.97272e-16 0
2.5 44 9.03324e-17 0
2.5 45 3.6861e-17 0
2.5 46 2.56808e-17 0
2.5 47 8.81593e-18 0
2.5 48 7.13747e-18 0
2.5 49 1.04672e-17 0
3 1 0.00854434 0
3 2 0.00446521 0
3 3 0.0033791 0
3 4 0.000200546 0
3 5 6.03353e-06 0
3 6 5.19919e-06 0
3 7 3.55588e-06 0
3 8 1.47649e-06 0
3 9 2.21102e-07 0
3 10 6.28858e-08 0
3 11 2.06421e-08 0
3 12 3.00753e-09 0
3 13 1.90806e-09 0
3 14 1.17314e-09 0
3 15 4.7476e-10 0
3 16 1.61171e-10 0
3 17 6.99474e-11 0
3 18 5.64743e-11 0
3 19 4.09223e-11 0
3 20 1.1706e-11 0
3 21 5.84095e-12 0
3 22 4.65812e-12 0
3 23 3.32432e-12 0
3 24 2.21765e-12 0
3 25 6.89227e-13 0
3 26 2.3318e-13 0
3 27 1.13886e-13 0
3 28 3.79526e-14 0
3 29 2.30058e-14 0
3 30 1.79335e-14 0
3 31 1.82267e-14 0
3 32 1.525e-14 0
3 33 1.22199e-14 0
3 34 1.0959e-14 0
3 35 8.4188e-15 0
3 36 8.71855e-16 0
3 37 7.86446e-17 0
3 38 7.04169e-17 0
3 39 7.49658e-17 0
3 40 2.35075e-17 0
3 41 2.15033e-17 0
3 42 1.77662e-17 0
3 43 3.75104e-18 0
3 44 4.34572e-18 0
3 45 1.65825e-18 0
3 46 1.23189e-18 0
3 47 6.37514e-19 0
3 48 3.09708e-19 0
3 49 3.86689e-20 0
3.5 1 0.00493817 0
3.5 2 0.00270728 0
3.5 3 0.000634516 0
3.5 4 3.69845e-05 0
3.5 5 3.05575e-06 0
3.5 6 1.95909e-06 0
3.5 7 1.20623e-06 0
3.5 8 1.17143e-07 0
3.5 9 2.87413e-08 0
3.5 10 6.57927e-09 0
3.5 11 4.75749e-09 0
3.5 12 2.29419e-09 0
3.5 13 1.60838e-09 0
3.5 14 4.15911e-10 0
3.5 15 3.25679e-10 0
3.5 16 3.57765e-10 0
3.5 17 6.38579e-12 0
3.5 18 5.18067e-12 0
3.5 19 4.5126e-12 0
3.5 20 3.08706e-12 0
3.5 21 1.44357e-12 0
3.5 22 6.04967e-13 0
3.5 23 3.83165e-13 0
3.5 24 3.23821e-13 0
3.5 25 1.06125e-13 0
3.5 26 8.19215e-14 0
3.5 27 7.96546e-14 0
3.5 28 2.86202e-15 0
3.5 29 1.46997e-15 0
3.5 30 1.20177e-15 0
3.5 31 9.78084e-16 0
3.5 32 4.04984e-16 0
3.5 33 2.20343e-16 0
3.5 34 1.37814e-16 0
3.5 35 7.62035e-17 0
3.5 36 6.09958e-17 0
3.5 37 3.60889e-18 0
3.5 38 2.35518e-18 0
3.5 39 1.30545e-18 0
3.5 40 1.47345e-18 0
3.5 41 5.72815e-19 0
3.5 42 2.73427e-19 0
3.5 43 2.51941e-19 0
3.5 44 2.07603e-19 0
3.5 45 1.10001e-19 0
3.5 46 8.81637e-20 0
3.5 47 1.39257e-20 0
3.5 48 4.13635e-21 0
3.5 49 3.48302e-21 0
4 1 0.00305948 0
4 2 0.00141049 0
4 3 0.00023587 0
4 4 0.000112869 0
4 5 1.15105e-06 0
4 6 1.08858e-06 0
4 7 1.11084e-06 0
4 8 5.43788e-07 0
4 9 6.31645e-09 0
4 10 1.02353e-09 0
4 11 9.25799e-10 0
4 12 8.92386e-10 0
4 13 2.83278e-10 0
4 14 9.38503e-11 0
4 15 4.29431e-11 0
4 16 1.20026e-12 0
4 17 1.23995e-12 0
4 18 5.74168e-13 0
4 19 3.06784e-13 0
4 20 2.74956e-13 0
4 21 1.95768e-13 0
4 22 1.50749e-13 0
4 23 5.89908e-14 0
4 24 5.31786e-14 0
4 25 1.54292e-15 0
4 26 5.07704e-16 0
4 27 4.88396e-16 0
4 28 3.20654e-16 0
4 29 3.13515e-16 0
4 30 1.36382e-16 0
4 31 1.27127e-16 0
4 32 3.72316e-17 0
4 33 2.33841e-17 0
4 34 1.50119e-17 0
4 35 9.5408e-18 0
4 36 2.89674e-18 0
4 37 7.91933e-19 0
4 38 4.3522e-19 0
4 39 1.99026e-19 0
4 40 8.35958e-20 0
4 41 6.34845e-20 0
4 42 3.15906e-20 0
4 43 1.95084e-20 0
4 44 1.02713e-20 0
4 45 4.65416e-21 0
4 46 5.05451e-21 0
4 47 5.17228e-21 0
4 48 4.03693e-22 0
4 49 6.41004e-23 0
4.5 1 0.00199946 0
4.5 2 0.000948356 0
4.5 3 0.000120028 0
4.5 4 1.44635e-06 0
4.5 5 5.1202e-07 0
4.5 6 4.14843e-07 0
4.5 7 4.06804e-07 0
4.5 8 4.72382e-08 0
4.5 9 5.38731e-10 0
4.5 10 5.24078e-10 0
4.5 11 2.10514e-10 0
4.5 12 1.66059e-10 0
4.5 13 7.2284e-11 0
4.5 14 5.92084e-11 0
4.5 15 2.20664e-11 0
4.5 16 2.55471e-12 0
4.5 17 4.08216e-13 0
4.5 18 2.28084e-13 0
4.5 19 6.80814e-14 0
4.5 20 4.94106e-14 0
4.5 21 4.58078e-14 0
4.5 22 3.62765e-14 0
4.5 23 2.97533e-14 0
4.5 24 2.52534e-14 0
4.5 25 1.76614e-15 0
4.5 26 6.65986e-16 0
4.5 27 8.20747e-17 0
4.5 28 4.55251e-17 0
4.5 29 1.11428e-17 0
4.5 30 1.02227e-17 0
4.5 31 5.38749e-18 0
4.5 32 4.6832e-18 0
4.5 33 3.83555e-18 0
4.5 34 2.208e-18 0
4.5 35 1.12932e-18 0
4.5 36 2.17064e-20 0
4.5 37 1.84642e-20 0
4.5 38 1.53624e-20 0
4.5 39 1.59353e-20 0
4.5 40 6.67606e-21 0
4.5 41 6.47836e-21 0
4.5 42 5.32649e-21 0
4.5 43 2.68688e-21 0
4.5 44 1.03037e-21 0
4.5 45 1.03608e-21 0
4.5 46 4.78263e-22 0
4.5 47 5.50962e-23 0
4.5 48 1.20624e-23 0
4.5 49 5.84745e-24 0
5 1 0.00136325 0
5 2 0.000602617 0
5 3 0.000122955 0
5 4 3.85405e-05 0
5 5 2.15235e-07 0
5 6 8.11704e-08 0
5 7 5.95434e-08 0
5 8 2.79528e-08 0
5 9 3.19188e-08 0
5 10 9.16913e-11 0
5 11 1.19309e-10 0
5 12 3.44477e-11 0
5 13 2.89249e-11 0
5 14 1.21324e-11 0
5 15 3.41431e-12 0
5 16 9.09609e-13 0
5 17 9.59127e-14 0
5 18 5.45699e-14 0
5 19 3.77121e-14 0
5 20 1.60879e-14 0
5 21 1.33309e-14 0
5 22 1.15319e-14 0
5 23 6.17401e-15 0
5 24 5.09801e-15 0
5 25 3.47756e-15 0
5 26 9.21896e-18 0
5 27 4.66581e-18 0
5 28 1.26996e-17 0
5 29 2.16466e-18 0
5 30 1.69231e-18 0
5 31 1.00808e-18 0
5 32 6.54689e-19 0
5 33 5.07759e-19 0
5 34 3.71544e-19 0
5 35 2.72218e-19 0
5 36 7.05073e-20 0
5 37 1.60013e-21 0
5 38 1.62848e-21 0
5 39 1.99983e-21 0
5 40 5.9528e-22 0
5 41 6.36089e-22 0
5 42 3.7181e-22 0
5 43 1.57027e-22 0
5 44 1.46983e-22 0
5 45 6.18412e-23 0
5 46 3.67444e-23 0
5 47 1.7267e-23 0
5 48 4.45379e-24 0
5 49 2.09685e-24 0
5.5 1 0.000962104 0
5.5 2 0.000433376 0
5.5 3 2.04771e-05 0
5.5 4 1.90427e-06 0
5.5 5 2.40321e-07 0
5.5 6 6.2105e-08 0
5.5 7 5.07435e-08 0
5.5 8 3.4391e-08 0
5.5 9 1.35196e-10 0
5.5 10 1.44607e-10 0
5.5 11 4.60452e-11 0
5.5 12 1.81875e-11 0
5.5 13 1.11088e-11 0
5.5 14 6.58066e-12 0
5.5 15 1.33183e-12 0
5.5 16 2.26041e-13 0
5.5 17 8.71536e-15 0
5.5 18 7.4223e-15 0
5.5 19 3.97552e-15 0
5.5 20 2.92414e-15 0
5.5 21 2.52296e-15 0
5.5 22 2.21151e-15 0
5.5 23 1.31979e-15 0
5.5 24 3.7165e-16 0
5.5 25 3.41539e-16 0
5.5 26 3.6039e-18 0
5.5 27 1.82279e-18 0
5.5 28 9.38081e-19 0
5.5 29 9.78151e-19 0
5.5 30 3.70804e-19 0
5.5 31 1.87698e-19 0
5.5 32 1.13942e-19 0
5.5 33 6.07778e-20 0
5.5 34 3.12889e-20 0
5.5 35 1.77504e-20 0
5.5 36 3.40144e-21 0
5.5 37 5.58909e-22 0
5.5 38 1.90143e-22 0
5.5 39 1.42359e-22 0
5.5 40 1.07649e-22 0
5.5 41 7.64565e-23 0
5.5 42 6.53698e-23 0
5.5 43 6.57889e-23 0
5.5 44 4.96524e-23 0
5.5 45 3.15359e-23 0
5.5 46 2.85636e-24 0
5.5 47 2.62323e-24 0
5.5 48 1.12091e-24 0
5.5 49 1.88209e-24 0
6 1 0.000698744 0
6 2 0.000319628 0
6 3 1.48961e-05 0
6 4 9.83515e-07 0
6 5 1.34245e-07 0
6 6 3.57049e-08 0
6 7 2.93275e-08 0
6 8 2.05571e-08 0
6 9 5.31084e-11 0
6 10 5.69592e-11 0
6 11 1.73799e-11 0
6 12 7.00448e-12 0
6 13 4.13605e-12 0
6 14 2.62577e-12 0
6 15 4.98616e-13 0
6 16 6.60958e-14 0
6 17 2.68698e-15 0
6 18 2.24295e-15 0
6 19 1.18438e-15 0
6 20 8.55504e-16 0
6 21 7.04232e-16 0
6 22 5.48443e-16 0
6 23 3.43094e-16 0
6 24 1.81215e-16 0
6 25 7.63954e-17 0
6 26 1.9094e-17 0
6 27 5.49433e-19 0
6 28 2.29137e-19 0
6 29 1.52675e-19 0
6 30 1.55396e-19 0
6 31 1.30934e-19 0
6 32 4.30644e-20 0
6 33 1.56605e-20 0
6 34 6.43687e-21 0
6 35 3.42108e-21 0
6 36 5.81413e-22 0
6 37 8.99891e-23 0
6 38 2.94843e-23 0
6 39 2.88862e-23 0
6 40 1.9869e-23 0
6 41 1.83898e-23 0
6 42 1.77598e-23 0
6 43 6.18365e-24 0
6 44 3.72843e-24 0
6 45 2.60956e-24 0
6 46 1.7076e-24 0
6 47 1.51813e-24 0
6 48 1.31749e-25 0
6 49 6.29361e-27 0
