1.5 1 0.0194948 0
1.5 2 0.00894859 0
1.5 3 0.00604954 0
1.5 4 0.00527114 0
1.5 5 0.0017489 0
1.5 6 0.00239701 0
1.5 7 0.000301385 0
1.5 8 0.000315303 0
1.5 9 0.000220864 0
1.5 10 9.54428e-05 0
1.5 11 4.91697e-05 0
1.5 12 3.5864e-05 0
1.5 13 1.08826e-05 0
1.5 14 9.85757e-06 0
1.5 15 9.65216e-06 0
1.5 16 7.60672e-06 0
1.5 17 2.30691e-06 0
1.5 18 7.54697e-07 0
1.5 19 2.74677e-07 0
1.5 20 1.4011e-07 0
1.5 21 1.03696e-07 0
1.5 22 8.10753e-08 0
1.5 23 6.79496e-08 0
1.5 24 1.1574e-08 0
1.5 25 9.57805e-09 0
1.5 26 3.19581e-09 0
1.5 27 3.61501e-09 0
1.5 28 1.17374e-09 0
1.5 29 6.20666e-10 0
1.5 30 4.77636e-10 0
1.5 31 1.99782e-10 0
1.5 32 1.56675e-10 0
1.5 33 1.90612e-10 0
1.5 34 4.58953e-11 0
1.5 35 3.39995e-11 0
1.5 36 2.292e-11 0
1.5 37 2.61823e-11 0
1.5 38 1.69273e-11 0
1.5 39 7.6626e-12 0
1.5 40 8.27402e-12 0
1.5 41 5.44421e-12 0
1.5 42 1.42085e-12 0
1.5 43 5.86004e-13 0
1.5 44 5.69385e-13 0
1.5 45 2.66883e-13 0
1.5 46 1.52163e-13 0
1.5 47 1.58279e-13 0
1.5 48 7.21587e-14 0
1.5 49 5.08842e-14 0
2 1 0.00769338 0
2 2 0.00301488 0
2 3 0.00128051 0
2 4 0.000920191 0
2 5 0.000127064 0
2 6 8.57213e-05 0
2 7 4.61558e-05 0
2 8 1.98955e-05 0
2 9 1.61801e-05 0
2 10 1.53053e-05 0
2 11 1.7152e-05 0
2 12 1.35446e-06 0
2 13 1.79865e-07 0
2 14 8.01083e-08 0
2 15 7.82005e-08 0
2 16 6.00261e-08 0
2 17 5.32319e-08 0
2 18 1.07206e-08 0
2 19 1.33676e-08 0
2 20 6.45353e-09 0
2 21 4.94232e-09 0
2 22 1.15456e-09 0
2 23 9.88495e-10 0
2 24 2.96644e-10 0
2 25 1.28795e-10 0
2 26 8.0146e-11 0
2 27 9.52441e-11 0
2 28 3.03136e-11 0
2 29 2.513e-11 0
2 30 1.90548e-11 0
2 31 6.09451e-12 0
2 32 5.66595e-12 0
2 33 4.12404e-12 0
2 34 9.26733e-13 0
2 35 1.20137e-12 0
2 36 1.65725e-13 0
2 37 1.40954e-13 0
2 38 6.4989e-14 0
2 39 6.11474e-14 0
2 40 3.32413e-14 0
2 41 2.36055e-14 0
2 42 1.57332e-14 0
2 43 4.776e-15 0
2 44 2.8366e-15 0
2 45 1.77099e-15 0
2 46 1.77242e-15 0
2 47 4.6243e-16 0
2 48 4.33727e-16 0
2 49 4.65087e-16 0
2.5 1 0.00377612 0
2.5 2 0.00155537 0
2.5 3 0.000402513 0
2.5 4 0.000202922 0
2.5 5 2.01064e-05 0
2.5 6 1.97408e-05 0
2.5 7 5.98615e-06 0
2.5 8 5.04922e-06 0
2.5 9 7.47512e-07 0
2.5 10 2.88627e-07 0
2.5 11 1.3658e-07 0
2.5 12 1.15698e-07 0
2.5 13 8.7976e-08 0
2.5 14 3.65065e-08 0
2.5 15 2.07658e-08 0
2.5 16 6.4665e-09 0
2.5 17 1.61111e-09 0
2.5 18 2.16195e-09 0
2.5 19 2.01821e-10 0
2.5 20 1.41434e-10 0
2.5 21 1.17298e-10 0
2.5 22 6.03535e-11 0
2.5 23 2.44399e-11 0
2.5 24 1.63525e-11 0
2.5 25 9.6246e-12 0
2.5 26 4.09016e-12 0
2.5 27 4.34284e-12 0
2.5 28 6.98763e-13 0
2.5 29 5.9284e-13 0
2.5 30 4.60835e-13 0
2.5 31 7.93471e-13 0
2.5 32 1.24255e-13 0
2.5 33 1.29856e-13 0
2.5 34 4.77986e-14 0
2.5 35 9.67428e-15 0
2.5 36 4.05303e-15 0
2.5 37 1.22838e-15 0
2.5 38 1.72608e-15 0
2.5 39 9.08915e-16 0
2.5 40 8.56147e-16 0
2.5 41 3.08048e-16 0
2.5 42 1.08978e-16 0
2.5 43 7.95282e-17 0
2.5 44 4.67364e-17 0
2.5 45 3.26862e-17 0
2.5 46 1.76678e-17 0
2.5 47 2.22027e-17 0
2.5 48 4.72303e-18 0
2.5 49 5.70047e-18 0
3 1 0.00209889 0
3 2 0.00061376 0
3 3 0.000267621 0
3 4 0.000236061 0
3 5 5.46272e-06 0
3 6 4.06996e-06 0
3 7 2.17247e-06 0
3 8 1.07111e-06 0
3 9 5.14063e-07 0
3 10 6.09199e-08 0
3 11 1.11878e-08 0
3 12 5.77847e-09 0
3 13 6.60923e-09 0
3 14 1.54781e-09 0
3 15 6.97015e-10 0
3 16 7.21258e-10 0
3 17 1.67469e-10 0
3 18 2.33315e-11 0
3 19 1.92055e-11 0
3 20 9.65125e-12 0
3 21 7.72532e-12 0
3 22 6.57443e-12 0
3 23 5.87532e-12 0
3 24 1.84259e-12 0
3 25 8.41172e-13 0
3 26 9.38739e-13 0
3 27 7.3726e-14 0
3 28 6.22639e-14 0
3 29 3.5931e-14 0
3 30 5.34531e-14 0
3 31 1.08677e-14 0
3 32 4.23173e-15 0
3 33 2.791e-15 0
3 34 1.59576e-15 0
3 35 6.76338e-16 0
3 36 5.66624e-16 0
3 37 7.82642e-17 0
3 38 5.12302e-17 0
3 39 1.60497e-17 0
3 40 1.12884e-17 0
3 41 8.98168e-18 0
3 42 4.68611e-18 0
3 43 3.6652e-18 0
3 44 3.26006e-18 0
3 45 1.74114e-18 0
3 46 1.6026e-18 0
3 47 4.11556e-19 0
3 48 2.07068e-19 0
3 49 1.30001e-19 0
3.5 1 0.00126768 0
3.5 2 0.0002697 0
3.5 3 0.000114783 0
3.5 4 0.000111356 0
3.5 5 3.69632e-06 0
3.5 6 7.08258e-07 0
3.5 7 4.42958e-07 0
3.5 8 1.30859e-07 0
3.5 9 2.20078e-08 0
3.5 10 1.20214e-08 0
3.5 11 8.9199e-09 0
3.5 12 3.66033e-09 0
3.5 13 2.53471e-09 0
3.5 14 1.91128e-09 0
3.5 15 3.53356e-10 0
3.5 16 1.51107e-10 0
3.5 17 4.66643e-12 0
3.5 18 3.94214e-12 0
3.5 19 2.27989e-12 0
3.5 20 2.10614e-12 0
3.5 21 1.0738e-12 0
3.5 22 9.76821e-13 0
3.5 23 5.59545e-13 0
3.5 24 2.1079e-13 0
3.5 25 2.44688e-13 0
3.5 26 5.89659e-15 0
3.5 27 3.94627e-15 0
3.5 28 3.77802e-15 0
3.5 29 2.85562e-15 0
3.5 30 2.3166e-15 0
3.5 31 6.16252e-16 0
3.5 32 4.67756e-16 0
3.5 33 5.22516e-16 0
3.5 34 5.69348e-16 0
3.5 35 1.779e-16 0
3.5 36 2.36021e-17 0
3.5 37 3.1766e-18 0
3.5 38 2.65414e-18 0
3.5 39 1.29373e-18 0
3.5 40 1.3912e-18 0
3.5 41 4.52474e-19 0
3.5 42 3.97976e-19 0
3.5 43 3.48262e-19 0
3.5 44 1.86303e-19 0
3.5 45 5.85602e-20 0
3.5 46 4.49786e-20 0
3.5 47 3.14904e-20 0
3.5 48 4.06941e-21 0
3.5 49 3.21032e-21 0
4 1 0.000813552 0
4 2 0.000173018 0
4 3 7.08028e-05 0
4 4 6.02862e-05 0
4 5 8.27998e-07 0
4 6 4.86089e-07 0
4 7 4.24496e-07 0
4 8 4.49636e-08 0
4 9 1.50083e-08 0
4 10 1.98565e-09 0
4 11 1.49641e-09 0
4 12 1.00593e-09 0
4 13 7.14103e-10 0
4 14 1.69239e-10 0
4 15 3.79474e-11 0
4 16 2.46226e-11 0
4 17 2.45495e-12 0
4 18 1.40465e-12 0
4 19 1.99314e-13 0
4 20 1.92962e-13 0
4 21 1.92114e-13 0
4 22 1.46715e-13 0
4 23 1.32408e-13 0
4 24 1.76292e-14 0
4 25 1.22481e-14 0
4 26 1.31024e-15 0
4 27 1.13295e-15 0
4 28 5.08261e-16 0
4 29 2.0217e-16 0
4 30 1.66752e-16 0
4 31 1.23087e-16 0
4 32 6.77803e-17 0
4 33 2.3621e-17 0
4 34 1.55196e-17 0
4 35 8.23472e-18 0
4 36 8.6109e-19 0
4 37 4.35383e-19 0
4 38 1.32884e-19 0
4 39 4.17068e-20 0
4 40 3.51275e-20 0
4 41 2.43477e-20 0
4 42 2.20588e-20 0
4 43 3.8547e-20 0
4 44 2.03989e-20 0
4 45 8.3093e-21 0
4 46 4.06039e-21 0
4 47 3.06382e-22 0
4 48 1.25753e-22 0
4 49 3.73263e-23 0
4.5 1 0.000547125 0
4.5 2 0.000116616 0
4.5 3 4.96139e-05 0
4.5 4 2.74485e-05 0
4.5 5 4.01498e-07 0
4.5 6 1.58615e-07 0
4.5 7 1.31642e-07 0
4.5 8 1.00989e-07 0
4.5 9 7.88997e-10 0
4.5 10 4.00812e-10 0
4.5 11 2.45563e-10 0
4.5 12 2.53862e-10 0
4.5 13 9.44107e-11 0
4.5 14 5.32264e-11 0
4.5 15 2.60818e-11 0
4.5 16 1.89011e-12 0
4.5 17 5.03834e-13 0
4.5 18 5.89505e-14 0
4.5 19 7.43938e-14 0
4.5 20 4.47991e-14 0
4.5 21 3.23389e-14 0
4.5 22 2.88099e-14 0
4.5 23 1.78736e-14 0
4.5 24 9.78036e-15 0
4.5 25 3.30339e-16 0
4.5 26 1.32653e-16 0
4.5 27 8.67459e-17 0
4.5 28 5.13174e-17 0
4.5 29 4.17604e-17 0
4.5 30 2.68803e-17 0
4.5 31 2.70592e-17 0
4.5 32 1.48063e-17 0
4.5 33 4.56294e-18 0
4.5 34 4.78087e-18 0
4.5 35 1.09429e-18 0
4.5 36 5.05041e-19 0
4.5 37 3.07674e-20 0
4.5 38 2.09851e-20 0
4.5 39 7.75691e-21 0
4.5 40 9.47463e-21 0
4.5 41 1.21511e-20 0
4.5 42 4.81983e-21 0
4.5 43 6.66698e-21 0
4.5 44 1.25362e-21 0
4.5 45 6.17831e-22 0
4.5 46 4.63533e-22 0
4.5 47 1.28116e-22 0
4.5 48 2.66733e-23 0
4.5 49 9.15968e-24 0
5 1 0.000396554 0
5 2 6.49268e-05 0
5 3 3.52693e-05 0
5 4 2.73751e-05 0
5 5 1.4746e-07 0
5 6 7.85051e-08 0
5 7 2.09248e-08 0
5 8 2.18657e-08 0
5 9 1.7285e-10 0
5 10 9.13942e-11 0
5 11 3.04591e-11 0
5 12 1.82916e-11 0
5 13 1.54781e-11 0
5 14 4.89578e-12 0
5 15 2.34897e-12 0
5 16 1.73876e-12 0
5 17 7.4594e-14 0
5 18 2.58059e-14 0
5 19 2.12409e-14 0
5 20 1.23681e-14 0
5 21 6.05929e-15 0
5 22 7.2219e-15 0
5 23 3.73673e-15 0
5 24 8.67257e-16 0
5 25 1.58286e-16 0
5 26 1.62624e-17 0
5 27 7.62575e-18 0
5 28 1.04273e-17 0
5 29 2.51776e-18 0
5 30 1.60782e-18 0
5 31 1.4884e-18 0
5 32 1.96751e-18 0
5 33 1.06033e-18 0
5 34 7.51068e-19 0
5 35 1.89931e-19 0
5 36 1.25713e-19 0
5 37 7.78278e-21 0
5 38 2.96195e-21 0
5 39 9.2584e-22 0
5 40 5.31412e-22 0
5 41 4.37541e-22 0
5 42 1.54383e-22 0
5 43 1.49757e-22 0
5 44 7.03501e-23 0
5 45 5.07547e-23 0
5 46 3.06251e-23 0
5 47 3.13056e-23 0
5 48 2.62369e-24 0
5 49 4.83594e-25 0
5.5 1 0.000285152 0
5.5 2 4.65026e-05 0
5.5 3 2.34954e-05 0
5.5 4 2.37194e-06 0
5.5 5 1.1716e-07 0
5.5 6 1.56963e-08 0
5.5 7 9.77365e-09 0
5.5 8 6.42625e-09 0
5.5 9 1.12249e-09 0
5.5 10 4.17887e-11 0
5.5 11 3.03095e-11 0
5.5 12 1.73639e-11 0
5.5 13 7.79463e-12 0
5.5 14 3.12508e-12 0
5.5 15 2.71894e-12 0
5.5 16 1.01401e-14 0
5.5 17 9.17077e-15 0
5.5 18 1.01775e-14 0
5.5 19 9.04707e-15 0
5.5 20 8.87237e-15 0
5.5 21 4.78732e-15 0
5.5 22 2.20781e-15 0
5.5 23 1.33536e-15 0
5.5 24 8.09948e-16 0
5.5 25 6.98102e-17 0
5.5 26 3.75261e-18 0
5.5 27 1.48833e-18 0
5.5 28 1.06589e-18 0
5.5 29 1.04198e-18 0
5.5 30 5.20184e-19 0
5.5 31 3.70795e-19 0
5.5 32 3.08904e-19 0
5.5 33 2.09424e-19 0
5.5 34 4.05539e-20 0
5.5 35 1.04098e-20 0
5.5 36 5.04293e-21 0
5.5 37 5.66364e-22 0
5.5 38 1.65683e-22 0
5.5 39 1.72407e-22 0
5.5 40 2.07428e-22 0
5.5 41 9.88324e-23 0
5.5 42 8.28327e-23 0
5.5 43 5.00067e-23 0
5.5 44 1.4315e-23 0
5.5 45 6.75861e-24 0
5.5 46 3.13151e-24 0
5.5 47 1.66887e-24 0
5.5 48 1.04014e-24 0
5.5 49 6.64958e-25 0
6 1 0.000210431 0
6 2 3.42373e-05 0
6 3 1.70031e-05 0
6 4 1.44475e-06 0
6 5 6.60533e-08 0
6 6 8.56273e-09 0
6 7 5.41459e-09 0
6 8 3.63152e-09 0
6 9 4.54646e-10 0
6 10 1.6442e-11 0
6 11 1.12843e-11 0
6 12 6.47116e-12 0
6 13 3.09813e-12 0
6 14 1.2376e-12 0
6 15 1.06077e-12 0
6 16 2.97561e-15 0
6 17 2.72974e-15 0
6 18 3.06333e-15 0
6 19 2.71674e-15 0
6 20 4.57457e-15 0
6 21 1.63608e-15 0
6 22 3.4743e-16 0
6 23 2.44817e-16 0
6 24 9.97538e-17 0
6 25 5.75416e-17 0
6 26 4.94797e-18 0
6 27 1.72738e-19 0
6 28 1.68371e-19 0
6 29 1.68854e-19 0
6 30 1.20268e-19 0
6 31 1.6742e-19 0
6 32 6.73375e-20 0
6 33 6.22857e-20 0
6 34 3.57839e-20 0
6 35 1.03355e-20 0
6 36 6.90326e-22 0
6 37 4.26519e-23 0
6 38 3.8649e-23 0
6 39 2.89973e-23 0
6 40 1.11271e-23 0
6 41 8.90733e-24 0
6 42 8.01166e-24 0
6 43 7.08121e-24 0
6 44 7.43448e-24 0
6 45 3.47938e-24 0
6 46 7.46623e-25 0
6 47 3.16094e-25 0
6 48 1.03777e-25 0
6 49 3.71749e-26 0
