1.5 1 0.0393433 0
1.5 2 0.00971199 0
1.5 3 0.0062691 0
1.5 4 0.00609053 0
1.5 5 0.00153378 0
1.5 6 0.000651862 0
1.5 7 0.000339048 0
1.5 8 0.000235928 0
1.5 9 8.71516e-05 0
1.5 10 2.31463e-05 0
1.5 11 2.21768e-05 0
1.5 12 1.6869e-05 0
1.5 13 1.77162e-05 0
1.5 14 1.44701e-05 0
1.5 15 1.72251e-06 0
1.5 16 1.73678e-06 0
1.5 17 7.8754e-07 0
1.5 18 3.0497e-07 0
1.5 19 1.88505e-07 0
1.5 20 1.13033e-07 0
1.5 21 6.64926e-08 0
1.5 22 5.23072e-08 0
1.5 23 2.69817e-08 0
1.5 24 1.80912e-08 0
1.5 25 1.09547e-08 0
1.5 26 6.92406e-09 0
1.5 27 8.16816e-09 0
1.5 28 6.39914e-09 0
1.5 29 2.28385e-09 0
1.5 30 8.32438e-10 0
1.5 31 3.40843e-10 0
1.5 32 2.05905e-10 0
1.5 33 1.75212e-10 0
1.5 34 4.53078e-11 0
1.5 35 2.94182e-11 0
1.5 36 1.25206e-11 0
1.5 37 1.04331e-11 0
1.5 38 7.42505e-12 0
1.5 39 1.29405e-11 0
1.5 40 2.00763e-12 0
1.5 41 1.43678e-12 0
1.5 42 1.17086e-12 0
1.5 43 5.74746e-13 0
1.5 44 4.6692e-13 0
1.5 45 1.82444e-13 0
1.5 46 1.21127e-13 0
1.5 47 5.79281e-14 0
1.5 48 6.34036e-14 0
1.5 49 1.2758e-14 0
2 1 0.0145693 0
2 2 0.00301613 0
2 3 0.00144494 0
2 4 0.00124233 0
2 5 0.000379605 0
2 6 0.000183875 0
2 7 4.13591e-05 0
2 8 1.96101e-05 0
2 9 1.77138e-05 0
2 10 3.38269e-06 0
2 11 1.22396e-06 0
2 12 9.55755e-07 0
2 13 1.99673e-07 0
2 14 1.38577e-07 0
2 15 9.37506e-08 0
2 16 2.58354e-08 0
2 17 3.13574e-08 0
2 18 6.35234e-09 0
2 19 3.09888e-09 0
2 20 2.48305e-09 0
2 21 1.92952e-09 0
2 22 1.24151e-09 0
2 23 8.73891e-10 0
2 24 3.34815e-10 0
2 25 2.04792e-10 0
2 26 8.89064e-11 0
2 27 3.53666e-11 0
2 28 2.52152e-11 0
2 29 1.79414e-11 0
2 30 1.87095e-11 0
2 31 1.23875e-11 0
2 32 3.75659e-12 0
2 33 2.50371e-12 0
2 34 3.47066e-12 0
2 35 8.5006e-13 0
2 36 6.85441e-13 0
2 37 8.43312e-13 0
2 38 6.22545e-13 0
2 39 6.88971e-14 0
2 40 3.94475e-14 0
2 41 1.00907e-14 0
2 42 5.89216e-15 0
2 43 6.4449e-15 0
2 44 6.57916e-15 0
2 45 3.4874e-15 0
2 46 3.35179e-15 0
2 47 3.08243e-15 0
2 48 2.62211e-15 0
2 49 1.73429e-16 0
2.5 1 0.00666945 0
2.5 2 0.00149766 0
2.5 3 0.000659257 0
2.5 4 0.00062217 0
2.5 5 1.19951e-05 0
2.5 6 1.24228e-05 0
2.5 7 9.10618e-06 0
2.5 8 7.08934e-06 0
2.5 9 3.06042e-06 0
2.5 10 5.38639e-07 0
2.5 11 1.19656e-07 0
2.5 12 7.9182e-08 0
2.5 13 5.3268e-08 0
2.5 14 3.56016e-08 0
2.5 15 2.5587e-08 0
2.5 16 4.09785e-09 0
2.5 17 1.71004e-09 0
2.5 18 7.65369e-10 0
2.5 19 4.0663e-10 0
2.5 20 1.90809e-10 0
2.5 21 2.2743e-10 0
2.5 22 3.00907e-11 0
2.5 23 2.29888e-11 0
2.5 24 1.44959e-11 0
2.5 25 4.11102e-12 0
2.5 26 5.65588e-12 0
2.5 27 9.39871e-13 0
2.5 28 7.94517e-13 0
2.5 29 6.08504e-13 0
2.5 30 2.28517e-13 0
2.5 31 7.03249e-14 0
2.5 32 5.83375e-14 0
2.5 33 3.89206e-14 0
2.5 34 3.13219e-14 0
2.5 35 9.2838e-15 0
2.5 36 9.88532e-15 0
2.5 37 2.33805e-15 0
2.5 38 8.20004e-16 0
2.5 39 5.62512e-16 0
2.5 40 5.39459e-16 0
2.5 41 2.55611e-16 0
2.5 42 1.73586e-16 0
2.5 43 1.11191e-16 0
2.5 44 7.93791e-17 0
2.5 45 4.83814e-17 0
2.5 46 4.91459e-17 0
2.5 47 5.24369e-17 0
2.5 48 5.00499e-17 0
2.5 49 6.32782e-18 0
3 1 0.00349658 0
3 2 0.000845277 0
3 3 0.000357946 0
3 4 0.000333371 0
3 5 3.93654e-06 0
3 6 4.33919e-06 0
3 7 1.60555e-06 0
3 8 9.44275e-07 0
3 9 2.46553e-07 0
3 10 2.43918e-08 0
3 11 2.57679e-08 0
3 12 2.70635e-08 0
3 13 7.3177e-09 0
3 14 4.90935e-09 0
3 15 1.4503e-09 0
3 16 1.38805e-09 0
3 17 1.29725e-10 0
3 18 7.58003e-11 0
3 19 6.30508e-11 0
3 20 2.04011e-11 0
3 21 2.02008e-11 0
3 22 1.48299e-11 0
3 23 8.53824e-12 0
3 24 7.44443e-12 0
3 25 5.40004e-12 0
3 26 7.58909e-14 0
3 27 8.27843e-14 0
3 28 3.30097e-14 0
3 29 2.95908e-14 0
3 30 5.96393e-15 0
3 31 3.3548e-15 0
3 32 2.4933e-15 0
3 33 1.78274e-15 0
3 34 1.17085e-15 0
3 35 5.9345e-16 0
3 36 2.12366e-16 0
3 37 7.06877e-17 0
3 38 5.3013e-17 0
3 39 2.97725e-17 0
3 40 1.71523e-17 0
3 41 1.37359e-17 0
3 42 1.96701e-17 0
3 43 5.26666e-18 0
3 44 2.83773e-18 0
3 45 9.68146e-19 0
3 46 1.15407e-18 0
3 47 2.42785e-19 0
3 48 4.93714e-20 0
3 49 5.78184e-20 0
3.5 1 0.00201535 0
3.5 2 0.000259781 0
3.5 3 0.000145809 0
3.5 4 9.68657e-05 0
3.5 5 1.67305e-06 0
3.5 6 9.71704e-07 0
3.5 7 5.51046e-07 0
3.5 8 3.60698e-07 0
3.5 9 9.82622e-09 0
3.5 10 2.72601e-09 0
3.5 11 2.2577e-09 0
3.5 12 2.19301e-09 0
3.5 13 6.83167e-10 0
3.5 14 4.87595e-10 0
3.5 15 1.45273e-10 0
3.5 16 2.82389e-11 0
3.5 17 6.44154e-11 0
3.5 18 5.04093e-12 0
3.5 19 5.2634e-12 0
3.5 20 5.42127e-12 0
3.5 21 1.04023e-12 0
3.5 22 9.47225e-13 0
3.5 23 8.17167e-13 0
3.5 24 2.15945e-13 0
3.5 25 8.78806e-15 0
3.5 26 7.1637e-15 0
3.5 27 1.88565e-15 0
3.5 28 1.48984e-15 0
3.5 29 1.27025e-15 0
3.5 30 6.73305e-16 0
3.5 31 5.33671e-16 0
3.5 32 4.22685e-16 0
3.5 33 2.96466e-16 0
3.5 34 9.06745e-17 0
3.5 35 6.16645e-17 0
3.5 36 2.27898e-17 0
3.5 37 3.48778e-18 0
3.5 38 3.4868e-18 0
3.5 39 2.20152e-18 0
3.5 40 1.67674e-18 0
3.5 41 2.56767e-18 0
3.5 42 3.48835e-19 0
3.5 43 1.65578e-19 0
3.5 44 1.13328e-19 0
3.5 45 6.50882e-20 0
3.5 46 7.36294e-20 0
3.5 47 1.73731e-20 0
3.5 48 6.6689e-21 0
3.5 49 5.26795e-21 0
4 1 0.00124576 0
4 2 0.00016411 0
4 3 9.20533e-05 0
4 4 5.67146e-05 0
4 5 7.45484e-07 0
4 6 4.1009e-07 0
4 7 2.1958e-07 0
4 8 1.44061e-07 0
4 9 2.6913e-09 0
4 10 7.12985e-10 0
4 11 6.27867e-10 0
4 12 4.99954e-10 0
4 13 1.74256e-10 0
4 14 1.8695e-10 0
4 15 1.09645e-10 0
4 16 1.00355e-10 0
4 17 7.42375e-12 0
4 18 8.78178e-13 0
4 19 6.24144e-13 0
4 20 4.59251e-13 0
4 21 2.09702e-13 0
4 22 1.41605e-13 0
4 23 1.29425e-13 0
4 24 5.12344e-14 0
4 25 4.45872e-14 0
4 26 1.24826e-15 0
4 27 3.72472e-16 0
4 28 1.26083e-16 0
4 29 1.02852e-16 0
4 30 3.95795e-17 0
4 31 2.59294e-17 0
4 32 2.01993e-17 0
4 33 2.45534e-17 0
4 34 9.0409e-18 0
4 35 7.10992e-18 0
4 36 1.75735e-18 0
4 37 3.94612e-19 0
4 38 2.04709e-19 0
4 39 1.38877e-19 0
4 40 1.05005e-19 0
4 41 9.70653e-20 0
4 42 6.95281e-20 0
4 43 2.19043e-20 0
4 44 1.70234e-20 0
4 45 1.00294e-20 0
4 46 1.27473e-21 0
4 47 3.48308e-22 0
4 48 1.25444e-22 0
4 49 1.00007e-22 0
4.5 1 0.000812613 0
4.5 2 0.000109271 0
4.5 3 7.23797e-05 0
4.5 4 8.43844e-07 0
4.5 5 9.7227e-07 0
4.5 6 2.64375e-07 0
4.5 7 1.69264e-07 0
4.5 8 7.8769e-08 0
4.5 9 7.13651e-10 0
4.5 10 3.18415e-10 0
4.5 11 3.07225e-10 0
4.5 12 1.72472e-10 0
4.5 13 1.04555e-10 0
4.5 14 5.88923e-11 0
4.5 15 1.33749e-11 0
4.5 16 1.77699e-12 0
4.5 17 6.05615e-13 0
4.5 18 4.01685e-13 0
4.5 19 2.55305e-13 0
4.5 20 3.7574e-14 0
4.5 21 2.7255e-14 0
4.5 22 2.25375e-14 0
4.5 23 1.83764e-14 0
4.5 24 2.60543e-15 0
4.5 25 2.50381e-15 0
4.5 26 1.71383e-16 0
4.5 27 1.37769e-16 0
4.5 28 1.08024e-16 0
4.5 29 9.31164e-18 0
4.5 30 8.67464e-18 0
4.5 31 6.64876e-18 0
4.5 32 6.02775e-18 0
4.5 33 2.75597e-18 0
4.5 34 2.09202e-18 0
4.5 35 7.69584e-19 0
4.5 36 1.4779e-19 0
4.5 37 9.20745e-20 0
4.5 38 2.4943e-20 0
4.5 39 1.59701e-20 0
4.5 40 1.03428e-20 0
4.5 41 8.33384e-21 0
4.5 42 4.7623e-21 0
4.5 43 2.25597e-21 0
4.5 44 5.66397e-22 0
4.5 45 3.87727e-22 0
4.5 46 2.05601e-22 0
4.5 47 1.7314e-22 0
4.5 48 3.65741e-23 0
4.5 49 1.31598e-23 0
5 1 0.000553211 0
5 2 7.57926e-05 0
5 3 5.05286e-05 0
5 4 3.87265e-07 0
5 5 3.35244e-07 0
5 6 2.89376e-07 0
5 7 6.09435e-08 0
5 8 3.4457e-08 0
5 9 3.6065e-10 0
5 10 4.05073e-10 0
5 11 1.16078e-10 0
5 12 3.55787e-11 0
5 13 2.04295e-11 0
5 14 1.21695e-11 0
5 15 6.7176e-12 0
5 16 2.79806e-13 0
5 17 4.91775e-14 0
5 18 4.13202e-14 0
5 19 2.52768e-14 0
5 20 1.54617e-14 0
5 21 1.34637e-14 0
5 22 1.15835e-14 0
5 23 1.00816e-14 0
5 24 4.95202e-15 0
5 25 3.51939e-17 0
5 26 2.62517e-17 0
5 27 1.38106e-17 0
5 28 1.04997e-17 0
5 29 2.65462e-18 0
5 30 1.73611e-18 0
5 31 1.31448e-18 0
5 32 1.80235e-18 0
5 33 4.28636e-19 0
5 34 2.30368e-19 0
5 35 1.80769e-19 0
5 36 6.19358e-21 0
5 37 2.44708e-21 0
5 38 2.7033e-21 0
5 39 2.51387e-21 0
5 40 3.06002e-21 0
5 41 4.71602e-22 0
5 42 3.06183e-22 0
5 43 4.98828e-22 0
5 44 2.6289e-22 0
5 45 6.32905e-23 0
5 46 2.48714e-23 0
5 47 2.39684e-23 0
5 48 2.16509e-23 0
5 49 2.83371e-25 0
5.5 1 0.000389947 0
5.5 2 5.43281e-05 0
5.5 3 3.64327e-05 0
5.5 4 1.40554e-07 0
5.5 5 1.24481e-07 0
5.5 6 6.04013e-08 0
5.5 7 4.06298e-08 0
5.5 8 2.23375e-08 0
5.5 9 7.3612e-11 0
5.5 10 5.1034e-11 0
5.5 11 2.91573e-11 0
5.5 12 2.07074e-11 0
5.5 13 1.59033e-11 0
5.5 14 9.03337e-12 0
5.5 15 3.82439e-12 0
5.5 16 7.64644e-14 0
5.5 17 2.17562e-14 0
5.5 18 1.67021e-14 0
5.5 19 1.02118e-14 0
5.5 20 3.95918e-15 0
5.5 21 2.40013e-15 0
5.5 22 1.27644e-15 0
5.5 23 7.90159e-16 0
5.5 24 3.01551e-16 0
5.5 25 1.56205e-17 0
5.5 26 1.48107e-18 0
5.5 27 9.17089e-19 0
5.5 28 7.45877e-19 0
5.5 29 5.80196e-19 0
5.5 30 5.67164e-19 0
5.5 31 3.46482e-19 0
5.5 32 2.63236e-19 0
5.5 33 1.278e-19 0
5.5 34 6.9326e-20 0
5.5 35 3.96694e-20 0
5.5 36 2.6874e-20 0
5.5 37 2.89087e-22 0
5.5 38 2.00299e-22 0
5.5 39 1.48545e-22 0
5.5 40 9.79863e-23 0
5.5 41 1.003e-22 0
5.5 42 5.6124e-23 0
5.5 43 1.70338e-23 0
5.5 44 8.63298e-24 0
5.5 45 7.46155e-24 0
5.5 46 4.96471e-24 0
5.5 47 4.11614e-24 0
5.5 48 3.09867e-24 0
5.5 49 4.81144e-26 0
6 1 0.000282924 0
6 2 4.00129e-05 0
6 3 2.1177e-05 0
6 4 2.26466e-05 0
6 5 4.90721e-08 0
6 6 4.65573e-08 0
6 7 2.10931e-08 0
6 8 1.43004e-08 0
6 9 2.90541e-11 0
6 10 2.38012e-11 0
6 11 1.07381e-11 0
6 12 3.95534e-12 0
6 13 3.14654e-12 0
6 14 1.70285e-12 0
6 15 8.11095e-13 0
6 16 1.27921e-14 0
6 17 5.87813e-15 0
6 18 2.91531e-15 0
6 19 1.59076e-15 0
6 20 1.53569e-15 0
6 21 1.25755e-15 0
6 22 1.05369e-15 0
6 23 1.17579e-15 0
6 24 1.99254e-16 0
6 25 4.17049e-17 0
6 26 8.67376e-19 0
6 27 2.42939e-19 0
6 28 1.94132e-19 0
6 29 2.06822e-19 0
6 30 5.43218e-20 0
6 31 4.8243e-20 0
6 32 3.95242e-20 0
6 33 4.16501e-20 0
6 34 2.67982e-20 0
6 35 1.21056e-20 0
6 36 1.43772e-22 0
6 37 1.03792e-22 0
6 38 7.24272e-23 0
6 39 1.55133e-23 0
6 40 9.69956e-24 0
6 41 6.78264e-24 0
6 42 6.49877e-24 0
6 43 5.88489e-24 0
6 44 1.91709e-24 0
6 45 1.94892e-24 0
6 46 9.97883e-25 0
6 47 1.82208e-25 0
6 48 3.82519e-26 0
6 49 6.27345e-27 0
