1.5 1 0.0270215 0
1.5 2 0.0184002 0
1.5 3 0.00676759 0
1.5 4 0.00474611 0
1.5 5 0.00205889 0
1.5 6 0.000981413 0
1.5 7 0.000415222 0
1.5 8 0.000113896 0
1.5 9 6.56388e-05 0
1.5 10 3.81864e-05 0
1.5 11 1.16506e-05 0
1.5 12 5.33087e-06 0
1.5 13 4.19646e-06 0
1.5 14 3.47918e-06 0
1.5 15 1.13373e-06 0
1.5 16 1.6551e-06 0
1.5 17 8.23374e-07 0
1.5 18 3.35346e-07 0
1.5 19 1.28319e-07 0
1.5 20 1.13145e-07 0
1.5 21 9.83231e-08 0
1.5 22 8.64624e-08 0
1.5 23 6.16845e-08 0
1.5 24 1.26995e-08 0
1.5 25 1.21815e-08 0
1.5 26 1.12277e-08 0
1.5 27 1.15705e-08 0
1.5 28 1.20899e-08 0
1.5 29 2.0742e-09 0
1.5 30 1.42594e-09 0
1.5 31 3.80206e-10 0
1.5 32 4.41535e-10 0
1.5 33 1.68093e-10 0
1.5 34 1.83859e-10 0
1.5 35 7.30087e-11 0
1.5 36 1.53839e-10 0
1.5 37 1.01344e-11 0
1.5 38 1.67529e-11 0
1.5 39 6.4664e-12 0
1.5 40 3.63867e-12 0
1.5 41 1.693e-12 0
1.5 42 1.51517e-12 0
1.5 43 8.6003e-13 0
1.5 44 3.37292e-13 0
1.5 45 4.33471e-13 0
1.5 46 1.70842e-13 0
1.5 47 8.93226e-14 0
1.5 48 3.6529e-14 0
1.5 49 2.8732e-14 0
2 1 0.00992903 0
2 2 0.00300859 0
2 3 0.00125924 0
2 4 0.00127486 0
2 5 0.000219808 0
2 6 9.39147e-05 0
2 7 0.000164205 0
2 8 2.35189e-05 0
2 9 3.50871e-06 0
2 10 1.54838e-06 0
2 11 6.06806e-07 0
2 12 4.54066e-07 0
2 13 2.89745e-07 0
2 14 2.04062e-07 0
2 15 5.59049e-08 0
2 16 5.57615e-08 0
2 17 3.57405e-08 0
2 18 2.41899e-08 0
2 19 4.29087e-08 0
2 20 3.97242e-09 0
2 21 3.20013e-09 0
2 22 1.82067e-09 0
2 23 5.0958e-10 0
2 24 4.69679e-10 0
2 25 2.73117e-10 0
2 26 2.03197e-10 0
2 27 2.09957e-10 0
2 28 8.76973e-11 0
2 29 2.6311e-11 0
2 30 7.74367e-12 0
2 31 6.8133e-12 0
2 32 1.92616e-12 0
2 33 1.32962e-12 0
2 34 9.05437e-13 0
2 35 5.73915e-13 0
2 36 3.79641e-13 0
2 37 1.12067e-13 0
2 38 7.2276e-14 0
2 39 9.89543e-14 0
2 40 3.61379e-14 0
2 41 2.94311e-14 0
2 42 3.74328e-15 0
2 43 3.85602e-15 0
2 44 1.87826e-15 0
2 45 1.53576e-15 0
2 46 1.35446e-15 0
2 47 8.983e-16 0
2 48 7.07451e-16 0
2 49 2.44058e-16 0
2.5 1 0.00454238 0
2.5 2 0.00114165 0
2.5 3 0.000359243 0
2.5 4 0.00032625 0
2.5 5 2.14564e-05 0
2.5 6 1.856e-05 0
2.5 7 2.03503e-05 0
2.5 8 6.8871e-06 0
2.5 9 3.376e-07 0
2.5 10 4.88251e-07 0
2.5 11 4.61199e-08 0
2.5 12 3.14502e-08 0
2.5 13 2.86785e-08 0
2.5 14 2.09891e-08 0
2.5 15 2.57925e-09 0
2.5 16 2.06602e-09 0
2.5 17 8.71561e-10 0
2.5 18 3.47007e-10 0
2.5 19 2.01561e-10 0
2.5 20 1.08093e-10 0
2.5 21 7.16227e-11 0
2.5 22 5.95197e-11 0
2.5 23 4.76446e-11 0
2.5 24 1.80921e-11 0
2.5 25 8.43916e-12 0
2.5 26 3.77948e-12 0
2.5 27 2.97042e-12 0
2.5 28 1.35255e-12 0
2.5 29 3.57299e-13 0
2.5 30 1.91261e-13 0
2.5 31 2.9212e-13 0
2.5 32 1.76994e-13 0
2.5 33 6.03731e-14 0
2.5 34 3.33853e-14 0
2.5 35 2.68162e-14 0
2.5 36 1.16065e-14 0
2.5 37 4.78728e-15 0
2.5 38 2.44227e-15 0
2.5 39 1.12674e-15 0
2.5 40 8.23609e-16 0
2.5 41 5.36957e-16 0
2.5 42 1.34584e-16 0
2.5 43 9.6281e-17 0
2.5 44 5.24894e-17 0
2.5 45 2.95983e-17 0
2.5 46 1.72766e-17 0
2.5 47 1.42462e-17 0
2.5 48 1.0107e-17 0
2.5 49 6.697e-18 0
3 1 0.0023845 0
3 2 0.000370913 0
3 3 0.000173554 0
3 4 0.000165204 0
3 5 1.50232e-05 0
3 6 4.30294e-06 0
3 7 1.95775e-06 0
3 8 9.21792e-07 0
3 9 7.58038e-07 0
3 10 1.95093e-08 0
3 11 2.26258e-08 0
3 12 1.10876e-08 0
3 13 3.20551e-09 0
3 14 2.28994e-09 0
3 15 2.42023e-09 0
3 16 3.03391e-10 0
3 17 7.9316e-11 0
3 18 3.66108e-11 0
3 19 1.53957e-11 0
3 20 1.77649e-11 0
3 21 5.54908e-12 0
3 22 4.37365e-12 0
3 23 2.93633e-12 0
3 24 1.84445e-12 0
3 25 1.32087e-13 0
3 26 1.6557e-13 0
3 27 1.01174e-13 0
3 28 3.6436e-14 0
3 29 3.38996e-14 0
3 30 3.00399e-14 0
3 31 3.2413e-14 0
3 32 5.14306e-15 0
3 33 5.12778e-15 0
3 34 3.66359e-15 0
3 35 2.52332e-15 0
3 36 2.34587e-15 0
3 37 1.02873e-16 0
3 38 3.50449e-17 0
3 39 1.83321e-17 0
3 40 1.46673e-17 0
3 41 1.27339e-17 0
3 42 4.44394e-18 0
3 43 3.98414e-18 0
3 44 1.91009e-18 0
3 45 1.66285e-18 0
3 46 7.98268e-19 0
3 47 3.40896e-19 0
3 48 2.73767e-19 0
3 49 8.85562e-20 0
3.5 1 0.00137709 0
3.5 2 0.000215883 0
3.5 3 9.86645e-05 0
3.5 4 9.58186e-05 0
3.5 5 3.40843e-06 0
3.5 6 1.11543e-06 0
3.5 7 4.43121e-07 0
3.5 8 2.42881e-07 0
3.5 9 1.12608e-08 0
3.5 10 1.22902e-08 0
3.5 11 7.94847e-09 0
3.5 12 2.23875e-09 0
3.5 13 1.10678e-09 0
3.5 14 5.85925e-10 0
3.5 15 3.52743e-10 0
3.5 16 4.18879e-11 0
3.5 17 4.00656e-11 0
3.5 18 7.86969e-11 0
3.5 19 1.50752e-12 0
3.5 20 1.25939e-12 0
3.5 21 1.07452e-12 0
3.5 22 7.2177e-13 0
3.5 23 3.41612e-13 0
3.5 24 2.6403e-13 0
3.5 25 6.79068e-15 0
3.5 26 5.45445e-15 0
3.5 27 3.86536e-15 0
3.5 28 3.12794e-15 0
3.5 29 2.1019e-15 0
3.5 30 9.94392e-16 0
3.5 31 8.70661e-16 0
3.5 32 8.26504e-16 0
3.5 33 6.22294e-16 0
3.5 34 4.8364e-16 0
3.5 35 4.055e-16 0
3.5 36 8.55827e-17 0
3.5 37 8.03016e-17 0
3.5 38 8.80891e-18 0
3.5 39 7.82187e-18 0
3.5 40 2.9626e-18 0
3.5 41 1.00765e-18 0
3.5 42 4.04044e-19 0
3.5 43 2.02058e-19 0
3.5 44 1.61389e-19 0
3.5 45 6.89477e-20 0
3.5 46 2.0079e-20 0
3.5 47 1.27673e-20 0
3.5 48 9.87748e-21 0
3.5 49 1.20505e-21 0
4 1 0.00085308 0
4 2 0.000135111 0
4 3 6.09491e-05 0
4 4 1.72806e-05 0
4 5 1.1377e-06 0
4 6 5.32483e-07 0
4 7 4.09801e-07 0
4 8 4.15922e-07 0
4 9 2.1068e-09 0
4 10 3.03084e-09 0
4 11 5.04223e-10 0
4 12 4.49387e-10 0
4 13 2.74859e-10 0
4 14 2.47601e-10 0
4 15 1.85303e-10 0
4 16 4.81634e-11 0
4 17 1.93951e-12 0
4 18 1.21411e-12 0
4 19 9.59198e-13 0
4 20 6.90484e-13 0
4 21 2.64049e-13 0
4 22 2.12801e-13 0
4 23 8.78449e-14 0
4 24 6.98048e-14 0
4 25 1.83944e-14 0
4 26 4.20598e-16 0
4 27 2.88583e-16 0
4 28 2.15978e-16 0
4 29 2.05593e-16 0
4 30 1.13407e-16 0
4 31 2.26785e-16 0
4 32 3.27658e-17 0
4 33 2.23462e-17 0
4 34 8.71121e-18 0
4 35 5.65553e-18 0
4 36 3.54285e-18 0
4 37 2.75638e-19 0
4 38 2.83121e-19 0
4 39 2.10597e-19 0
4 40 4.02586e-20 0
4 41 2.84172e-20 0
4 42 1.99658e-20 0
4 43 1.57055e-20 0
4 44 1.02176e-20 0
4 45 1.09443e-20 0
4 46 1.86463e-21 0
4 47 1.19819e-21 0
4 48 7.69507e-22 0
4 49 3.88794e-22 0
4.5 1 0.000557675 0
4.5 2 8.92589e-05 0
4.5 3 3.9944e-05 0
4.5 4 8.56808e-06 0
4.5 5 5.44963e-07 0
4.5 6 2.55866e-07 0
4.5 7 1.98063e-07 0
4.5 8 2.10474e-07 0
4.5 9 6.69955e-10 0
4.5 10 4.54371e-10 0
4.5 11 3.74861e-10 0
4.5 12 2.48467e-10 0
4.5 13 3.69223e-10 0
4.5 14 1.34476e-10 0
4.5 15 9.34712e-12 0
4.5 16 4.07735e-12 0
4.5 17 3.16104e-13 0
4.5 18 2.93352e-13 0
4.5 19 5.63976e-14 0
4.5 20 5.09545e-14 0
4.5 21 3.98099e-14 0
4.5 22 1.22099e-14 0
4.5 23 4.9222e-15 0
4.5 24 3.59692e-15 0
4.5 25 5.54222e-16 0
4.5 26 7.21721e-17 0
4.5 27 4.7846e-17 0
4.5 28 3.48307e-17 0
4.5 29 2.83543e-17 0
4.5 30 1.87784e-17 0
4.5 31 1.85417e-17 0
4.5 32 4.52961e-18 0
4.5 33 4.20801e-18 0
4.5 34 6.35939e-18 0
4.5 35 9.23269e-19 0
4.5 36 5.36536e-20 0
4.5 37 1.407e-20 0
4.5 38 1.13481e-20 0
4.5 39 9.76284e-21 0
4.5 40 6.18935e-21 0
4.5 41 4.06595e-21 0
4.5 42 3.82367e-21 0
4.5 43 2.54766e-21 0
4.5 44 1.35711e-21 0
4.5 45 5.37158e-22 0
4.5 46 3.93308e-22 0
4.5 47 4.48458e-22 0
4.5 48 7.51121e-24 0
4.5 49 6.45049e-24 0
5 1 0.000380439 0
5 2 5.17171e-05 0
5 3 2.51956e-05 0
5 4 4.46113e-07 0
5 5 2.56786e-07 0
5 6 1.16468e-07 0
5 7 3.17587e-08 0
5 8 1.64999e-08 0
5 9 1.23941e-08 0
5 10 1.44589e-10 0
5 11 9.99634e-11 0
5 12 3.67335e-11 0
5 13 2.19782e-11 0
5 14 8.93003e-12 0
5 15 6.49308e-12 0
5 16 7.71189e-13 0
5 17 6.88612e-14 0
5 18 5.50192e-14 0
5 19 2.03424e-14 0
5 20 1.80465e-14 0
5 21 1.10154e-14 0
5 22 7.21105e-15 0
5 23 2.50216e-15 0
5 24 9.51789e-16 0
5 25 8.91543e-17 0
5 26 4.88839e-17 0
5 27 1.97851e-16 0
5 28 4.32199e-18 0
5 29 2.41691e-18 0
5 30 1.5115e-18 0
5 31 1.24668e-18 0
5 32 8.9081e-19 0
5 33 1.28825e-18 0
5 34 1.18813e-19 0
5 35 5.37592e-20 0
5 36 4.26667e-20 0
5 37 1.92312e-20 0
5 38 6.90295e-22 0
5 39 5.57819e-22 0
5 40 6.34447e-22 0
5 41 6.5926e-22 0
5 42 4.90773e-22 0
5 43 2.78874e-22 0
5 44 4.64382e-22 0
5 45 5.26435e-23 0
5 46 1.60255e-23 0
5 47 1.09534e-23 0
5 48 2.98482e-24 0
5 49 1.18644e-24 0
5.5 1 0.000268682 0
5.5 2 3.64699e-05 0
5.5 3 1.77684e-05 0
5.5 4 2.3213e-07 0
5.5 5 1.67171e-07 0
5.5 6 6.07976e-08 0
5.5 7 2.10102e-08 0
5.5 8 9.41285e-09 0
5.5 9 1.90203e-09 0
5.5 10 4.25556e-11 0
5.5 11 3.58395e-11 0
5.5 12 1.59968e-11 0
5.5 13 8.63036e-12 0
5.5 14 2.37924e-12 0
5.5 15 1.75429e-12 0
5.5 16 5.21923e-14 0
5.5 17 7.08065e-15 0
5.5 18 5.91964e-15 0
5.5 19 4.84014e-15 0
5.5 20 2.75866e-15 0
5.5 21 2.25704e-15 0
5.5 22 5.46414e-16 0
5.5 23 3.24484e-16 0
5.5 24 2.91107e-16 0
5.5 25 1.01535e-16 0
5.5 26 1.26856e-17 0
5.5 27 1.51205e-18 0
5.5 28 1.06892e-18 0
5.5 29 5.38642e-19 0
5.5 30 4.21456e-19 0
5.5 31 3.56257e-19 0
5.5 32 2.2707e-19 0
5.5 33 1.1841e-19 0
5.5 34 3.68623e-20 0
5.5 35 2.35519e-20 0
5.5 36 4.41431e-22 0
5.5 37 3.33417e-22 0
5.5 38 2.10945e-22 0
5.5 39 2.26573e-22 0
5.5 40 7.0547e-23 0
5.5 41 6.92282e-23 0
5.5 42 6.20194e-23 0
5.5 43 3.8325e-23 0
5.5 44 2.10352e-23 0
5.5 45 1.70578e-23 0
5.5 46 1.29772e-23 0
5.5 47 5.52072e-24 0
5.5 48 7.81531e-25 0
5.5 49 5.84654e-25 0
6 1 0.000195289 0
6 2 2.64874e-05 0
6 3 1.29043e-05 0
6 4 1.33948e-07 0
6 5 4.7414e-08 0
6 6 1.97135e-08 0
6 7 8.96672e-09 0
6 8 6.74982e-09 0
6 9 7.00005e-11 0
6 10 1.86186e-11 0
6 11 9.37466e-12 0
6 12 2.79161e-12 0
6 13 1.91054e-12 0
6 14 1.99631e-12 0
6 15 4.8536e-13 0
6 16 2.06233e-14 0
6 17 1.56688e-14 0
6 18 2.92716e-15 0
6 19 1.0123e-15 0
6 20 6.904e-16 0
6 21 6.84973e-16 0
6 22 2.94796e-16 0
6 23 1.57009e-16 0
6 24 9.09029e-17 0
6 25 2.38256e-18 0
6 26 8.45129e-19 0
6 27 4.10314e-19 0
6 28 1.73967e-19 0
6 29 2.35383e-19 0
6 30 1.91978e-19 0
6 31 1.36982e-19 0
6 32 2.04706e-20 0
6 33 1.43598e-20 0
6 34 1.01054e-20 0
6 35 5.97839e-21 0
6 36 9.26679e-22 0
6 37 9.45903e-23 0
6 38 6.50502e-23 0
6 39 4.11374e-23 0
6 40 3.26112e-23 0
6 41 1.80274e-23 0
6 42 1.21624e-23 0
6 43 9.11643e-24 0
6 44 7.12491e-24 0
6 45 1.81409e-24 0
6 46 1.38296e-24 0
6 47 4.47527e-25 0
6 48 1.39175e-25 0
6 49 1.59155e-26 0
